0 0.313116 0.00363937
1 0.139637 0.129451
2 0.684038 0.219185
3 0.539237 0.173504
4 0.285134 0.172859
5 0.222778 0.107176
6 0.488989 0.146251
7 0.160296 0.140093
8 0.278181 0.181191
9 0.641256 0.160046
10 0.198149 0.146186
11 0.103116 0.163778
12 0.28957 0.119387
13 0.379093 0.15132
14 0.349564 0.178976
15 0.333462 0.100863
16 0.145283 0.164357
17 0.418656 0.10897
18 0.444024 0.124142
19 0.27279 0.161229
20 0.324793 0.150343
21 0.186877 0.121795
22 0.412037 0.171121
23 0.332682 0.125455
24 0.274037 0.121831
25 0.207672 0.101009
26 0.63702 0.128809
27 0.24461 0.162354
28 0.238103 0.118044
29 0.0517265 0.127139
30 0.136838 0.109477
31 0.304034 0.0883609
32 0.347595 0.159199
33 0.279958 0.119392
34 0.372231 0.152914
35 0.192715 0.12759
36 0.222798 0.169001
37 0.208316 0.133844
38 0.46914 0.145365
39 0.189672 0.132808
40 0.390112 0.155674
41 0.345692 0.126672
42 0.366892 0.102342
43 0.164139 0.106631
44 0.335533 0.112004
45 0.221045 0.141773
46 0.288903 0.105671
47 0.407693 0.12957
48 0.245644 0.0987806
49 0.273987 0.101173
50 0.647935 0.123866
51 0.394844 0.135698
52 0.16936 0.118933
53 0.0965808 0.157977
54 0.302147 0.11088
55 0.345241 0.136638
56 0.538948 0.104088
57 0.552024 0.135754
58 0.265068 0.129452
59 0.402675 0.118644
60 0.363387 0.125783
61 0.220896 0.155744
62 0.288426 0.169121
63 0.201842 0.177275
64 0.200627 0.120827
65 0.0207872 0.152772
66 0.332431 0.163158
67 0.217617 0.207701
68 0.360245 0.166262
69 0.284495 0.149881
70 0.0383875 0.143721
71 0.237537 0.20906
72 0.415642 0.187316
73 0.563182 0.12138
74 0.309039 0.16466
75 0.350054 0.143829
76 0.371682 0.134344
77 0.387306 0.126106
78 0.506285 0.111681
79 0.180356 0.106682
80 0.24548 0.148434
81 0.56546 0.15676
82 0.209945 0.145075
83 0.415404 0.160621
84 0.0353804 0.15177
85 0.371396 0.103846
86 0.36335 0.116321
87 0.366295 0.102043
88 0.299161 0.169277
89 0.317862 0.137413
90 0.221495 0.106496
91 0.284605 0.141221
92 0.299534 0.0902083
93 0.312789 0.146828
94 0.487055 0.137255
95 0.361711 0.147324
96 0.204913 0.175764
97 0.369727 0.12881
98 0.355668 0.144471
99 0.292943 0.122044
100 0.285997 0.157652
101 0.538121 0.140446
102 0.222091 0.101613
103 0.409674 0.0944577
104 0.558135 0.128487
105 0.356479 0.117524
106 0.225609 0.124067
107 0.335293 0.129459
108 0.341171 0.134638
109 0.31968 0.121068
110 0.50276 0.148187
111 0.494146 0.122483
112 0.174742 0.128906
113 0.373469 0.108412
114 0.160292 0.133235
115 0.371297 0.131427
116 0.362758 0.146746
117 0.242303 0.12331
118 0.130053 0.128945
119 0.274547 0.0871311
120 0.273657 0.129881
121 0.40894 0.140532
122 0.110301 0.145406
123 0.365804 0.111665
124 0.371899 0.117778
125 0.367186 0.152616
126 0.231742 0.111759
127 0.355743 0.0675524
128 0.680514 0.155571
129 0.398353 0.0942325
130 0.0180517 0.162075
131 0.249928 0.140762
132 0.299996 0.0827018
133 0.458382 0.114107
134 0.286659 0.118886
135 0.0148325 0.113968
136 0.392481 0.121706
137 0.226237 0.0929116
138 0.35328 0.112376
139 0.418939 0.118957
140 0.484641 0.113537
141 0.433408 0.120148
142 0.448829 0.147371
143 0.219949 0.0970438
144 0.336628 0.127406
145 0.316804 0.111778
146 0.184056 0.123822
147 0.271387 0.080956
148 0.416779 0.112892
149 0.513369 0.142058
150 0.231123 0.141401
151 0.392958 0.0904606
152 0.428148 0.0970029
153 0.28574 0.103373
154 0.30924 0.111425
155 0.399435 0.106819
156 0.245775 0.120358
157 0.464728 0.127773
158 0.51992 0.101879
159 0.357713 0.118578
160 0.25736 0.111978
161 0.117872 0.129754
162 0.365936 0.111705
163 0.121009 0.147356
164 0.300173 0.126855
165 0.24784 0.140324
166 0.581936 0.104194
167 0.475615 0.0946354
168 0.311415 0.122915
169 0.263029 0.119817
170 0.392414 0.113293
171 0.442751 0.0976284
172 0.121129 0.136608
173 0.488604 0.122384
174 0.455513 0.127861
175 0.176644 0.119812
176 0.495432 0.119813
177 0.320536 0.137429
178 0.409572 0.12725
179 0.350202 0.109641
180 0.274657 0.130298
181 0.337327 0.126726
182 0.224003 0.105633
183 0.408734 0.111341
184 0.383757 0.103074
185 0.27571 0.118339
186 0.415627 0.127036
187 0.289513 0.0856711
188 0.44239 0.141957
189 0.42039 0.112176
190 0.302657 0.142592
191 0.242245 0.119579
192 0.253699 0.101074
193 0.385184 0.142674
194 0.246056 0.113741
195 0.327679 0.129297
196 0.239018 0.108523
197 0.46451 0.145251
198 0.35016 0.148577
199 0.330034 0.143008
200 0.301478 0.152792
201 0.196907 0.138204
202 0.30569 0.0850269
203 0.283226 0.110502
204 0.0886336 0.0842298
205 0.119254 0.109471
206 0.248564 0.130505
207 0.292999 0.117954
208 0.248336 0.132523
209 0.373136 0.108391
210 0.0966421 0.100736
211 0.229935 0.13864
212 0.326854 0.114041
213 0.125017 0.126125
214 0.614527 0.118778
215 0.251824 0.126654
216 0.275081 0.116389
217 0.101891 0.158116
218 0.310903 0.16413
219 0.205187 0.124888
220 0.0721625 0.135807
221 0.25498 0.18496
222 0.280225 0.145979
223 0.211087 0.157194
224 0.0915064 0.130012
225 -0.0868531 0.143327
226 0.329437 0.16667
227 0.293832 0.114218
228 0.297257 0.188714
229 0.398554 0.151056
230 0.33708 0.129852
231 0.620671 0.194954
232 0.158261 0.135271
233 0.297674 0.13736
234 0.0423158 0.10706
235 0.155366 0.144792
236 0.488279 0.0894229
237 0.300613 0.125237
238 0.532646 0.122288
239 0.530953 0.139709
240 0.154825 0.0720645
241 0.25604 0.0899121
242 0.389213 0.124522
243 0.30839 0.112085
244 0.182248 0.127026
245 0.366202 0.115158
246 0.279796 0.128083
247 0.44351 0.141729
248 0.475337 0.1533
249 0.416315 0.115458
250 0.184429 0.155938
251 0.498136 0.108408
252 0.416164 0.133602
253 0.346068 0.110365
254 0.350321 0.118954
255 0.36123 0.10734
256 0.439542 0.089583
257 0.242462 0.158306
258 0.485032 0.122075
259 0.108549 0.146162
260 0.175746 0.15666
261 0.308199 0.159103
262 0.28616 0.0995263
263 0.25012 0.157441
264 0.125581 0.117902
265 0.28488 0.112634
266 0.307575 0.139984
267 0.143744 0.1339
268 0.372381 0.108071
269 0.306612 0.138902
270 0.385015 0.141141
271 0.48985 0.134361
272 0.364779 0.195381
273 0.473227 0.112853
274 0.444002 0.111229
275 0.442276 0.163841
276 0.221881 0.119077
277 0.611486 0.103972
278 -0.114889 0.153869
279 0.368907 0.0947896
280 0.351821 0.152456
281 0.261664 0.158701
282 0.782455 0.136058
283 0.180555 0.14751
284 0.230155 0.163371
285 0.509964 0.142064
286 0.290083 0.102273
287 0.321534 0.153692
288 0.325738 0.165616
289 0.450116 0.123136
290 0.305948 0.164742
291 0.73109 0.15258
292 0.509917 0.159801
293 0.328332 0.190185
294 0.269481 0.160489
295 0.352406 0.131493
296 0.377865 0.128096
297 0.311939 0.147586
298 0.180785 0.146281
299 0.298023 0.00388447
