0 0 0
1 0.0219629 0.179599
2 0.155603 0.174677
3 0.348315 0.229098
4 0.27106 0.173537
5 0.393116 0.168371
6 0.135252 0.203554
7 0.183913 0.141075
8 0.332479 0.140003
9 0.125667 0.148701
10 0.370982 0.185044
11 0.398409 0.109122
12 0.211238 0.143145
13 0.29285 0.15723
14 0.273038 0.13001
15 0.365562 0.155219
16 0.328043 0.158063
17 0.134863 0.153147
18 0.521473 0.141213
19 0.242808 0.135912
20 0.0337378 0.113336
21 0.419051 0.157093
22 0.522978 0.150133
23 0.328267 0.101532
24 0.232821 0.128075
25 0.162805 0.161763
26 0.280173 0.136117
27 0.393768 0.142388
28 0.0110988 0.12736
29 0.404811 0.127729
30 0.185127 0.124649
31 0.617709 0.149584
32 0.0146473 0.159224
33 0.237549 0.141057
34 0.0574504 0.144658
35 0.0615651 0.168475
36 0.260707 0.143471
37 0.384965 0.0991365
38 0.5974 0.113319
39 0.176404 0.126235
40 0.146359 0.128106
41 0.373275 0.0948742
42 0.367865 0.121297
43 0.586395 0.161241
44 0.272133 0.127556
45 0.290952 0.145693
46 0.299969 0.118615
47 0.342083 0.148902
48 0.315125 0.115939
49 0.396629 0.0554483
50 0.454715 0.162483
51 0.336673 0.136999
52 0.151322 0.0985339
53 0.309476 0.153623
54 0.281676 0.0851799
55 0.18543 0.159061
56 0.409017 0.14973
57 0.259745 0.111004
58 0.301083 0.13449
59 0.237488 0.144086
60 0.331828 0.113305
61 0.20071 0.0924674
62 0.55515 0.111228
63 0.451929 0.138974
64 0.245914 0.141171
65 0.160383 0.145607
66 0.399132 0.0950933
67 0.352987 0.116145
68 0.298489 0.117031
69 0.175982 0.142812
70 0.230667 0.147513
71 0.169943 0.139036
72 0.151691 0.131671
73 0.212282 0.193054
74 0.574763 0.102609
75 0.399782 0.1259
76 0.447757 0.118749
77 0.1793 0.104586
78 0.180424 0.100945
79 0.158629 0.122789
80 0.0987389 0.139409
81 0.274529 0.114772
82 0.140551 0.18669
83 0.471531 0.0923553
84 0.325763 0.154629
85 0.335722 0.168308
86 0.269643 0.131416
87 0.161828 0.156387
88 0.190693 0.110676
89 0.188316 0.128436
90 0.15513 0.112746
91 0.152631 0.147183
92 0.192862 0.154899
93 0.374449 0.12499
94 0.355188 0.139492
95 0.283047 0.137024
96 0.363338 0.14323
97 0.171192 0.109458
98 0.171157 0.0954729
99 0.250908 0.100579
100 0.154475 0.101209
101 0.598776 0.141398
102 0.631847 0.137568
103 0.418898 0.0848813
104 0.289307 0.108562
105 0.192553 0.162204
106 0.252369 0.134703
107 0.41352 0.139749
108 0.364557 0.12245
109 0.480682 0.124791
110 0.405334 0.115221
111 0.363457 0.112011
112 0.318191 0.145659
113 0.283852 0.113319
114 0.388469 0.182085
115 0.336107 0.0847753
116 0.439861 0.107182
117 0.343823 0.135324
118 0.224896 0.136062
119 0.412629 0.125309
120 0.279179 0.139573
121 0.581638 0.11959
122 0.317937 0.10978
123 0.445782 0.120455
124 0.398254 0.104352
125 0.382119 0.143028
126 0.444202 0.121228
127 0.150255 0.0947031
128 0.226866 0.0973729
129 0.340856 0.126488
130 0.293179 0.139576
131 0.169387 0.117394
132 0.279854 0.183068
133 0.256924 0.131547
134 0.441983 0.132337
135 0.206899 0.131291
136 0.267511 0.120056
137 0.156338 0.130993
138 0.385254 0.112845
139 0.332862 0.0903825
140 0.483763 0.113508
141 0.138315 0.106274
142 0.206721 0.105192
143 0.14177 0.132952
144 0.384535 0.140012
145 0.185561 0.102555
146 0.290443 0.111841
147 0.432233 0.142475
148 0.277 0.11119
149 0.404717 0.101926
150 0.0840595 0.119327
151 0.270871 0.0928048
152 0.460764 0.111734
153 0.427178 0.136426
154 0.219973 0.0890929
155 0.15158 0.153661
156 0.216589 0.107306
157 0.268907 0.130989
158 0.404392 0.0954404
159 0.451205 0.107755
160 0.323278 0.0825334
161 0.406389 0.118249
162 0.475418 0.10991
163 0.260884 0.0942797
164 0.305933 0.110261
165 0.248083 0.0964995
166 0.339498 0.107981
167 0.450265 0.106939
168 0.207069 0.132614
169 0.369836 0.124392
170 0.24635 0.126197
171 0.31352 0.159217
172 0.314607 0.122603
173 0.175019 0.109038
174 0.300075 0.113133
175 0.337645 0.121799
176 0.285228 0.0938208
177 0.349314 0.127043
178 0.0989655 0.146654
179 0.374015 0.130357
180 0.291632 0.161679
181 0.535977 0.10606
182 0.313225 0.129632
183 0.271212 0.110454
184 0.319135 0.121872
185 0.211833 0.133244
186 0.430986 0.124444
187 0.391265 0.117994
188 0.249062 0.126447
189 0.386526 0.127466
190 0.313293 0.165474
191 0.205432 0.0884426
192 0.273281 0.11972
193 0.420932 0.1157
194 0.477321 0.099264
195 0.701609 0.134885
196 0.179531 0.124415
197 0.159677 0.142146
198 0.454606 0.111196
199 0.410532 0.10802
200 0.334816 0.116457
201 0.462878 0.0914273
202 0.294784 0.099443
203 0.336205 0.181216
204 0.373137 0.12617
205 0.287067 0.136439
206 0.460849 0.104632
207 0.361137 0.111858
208 0.438083 0.142825
209 0.464986 0.11919
210 0.510641 0.0915591
211 0.423849 0.149034
212 0.175134 0.149968
213 0.290158 0.126141
214 0.313856 0.121689
215 0.237477 0.122783
216 0.0710128 0.137861
217 0.236212 0.137482
218 -0.00611408 0.168409
219 0.351132 0.137869
220 0.406056 0.173691
221 0.234535 0.13167
222 0.689256 0.129465
223 0.147877 0.157965
224 0.333931 0.132487
225 0.359501 0.176984
226 0.417505 0.189081
227 -0.0373325 0.164829
228 0.348999 0.0908307
229 0.408185 0.0995959
230 0.515962 0.0921302
231 0.169795 0.144256
232 0.518959 0.0684795
233 0.30429 0.0927041
234 0.472659 0.0940661
235 0.337826 0.0897902
236 0.282768 0.115433
237 0.42362 0.136313
238 0.0882336 0.120806
239 0.438618 0.103771
240 0.333808 0.101212
241 0.383603 0.0881352
242 0.410727 0.118645
243 0.27117 0.118259
244 0.174403 0.117302
245 -0.0118311 0.11649
246 0.294634 0.118911
247 0.0503445 0.118006
248 0.36801 0.105227
249 0.162635 0.118164
250 0.0745956 0.121048
251 0.454308 0.0903787
252 0.350913 0.119343
253 0.173145 0.129009
254 0.473227 0.130874
255 0.393037 0.105645
256 0.296591 0.134832
257 0.455184 0.136003
258 0.266726 0.14216
259 0.26283 0.121616
260 0.163532 0.119925
261 0.0763055 0.114981
262 0.272284 0.138942
263 0.417222 0.132894
264 0.319058 0.117542
265 0.150727 0.13563
266 0.437484 0.108293
267 0.330524 0.133607
268 0.166799 0.16485
269 0.304477 0.134915
270 0.398149 0.120964
271 0.149841 0.0967057
272 0.111433 0.140441
273 0.2957 0.138026
274 0.174784 0.114004
275 0.54516 0.146855
276 0.280416 0.162063
277 0.533689 0.122082
278 0.183953 0.125086
279 0.437722 0.119969
280 0.096963 0.18786
281 0.386409 0.100199
282 0.323837 0.152329
283 0.574892 0.149416
284 0.141407 0.141173
285 0.41722 0.176086
286 0.353806 0.135856
287 0.21231 0.168362
288 0.212359 0.166795
289 0.1477 0.156395
290 0.246626 0.113521
291 0.0727784 0.147875
292 0.25345 0.193887
293 0.000181229 0.138274
294 0.635366 0.128047
295 0.0352057 0.123942
296 0.0499861 0.246997
297 -0.00634182 0.147907
298 0.208696 0.179485
299 0 0
