0 -0.46665 0.00908085
1 -0.535839 0.00827176
2 -0.593989 0.00824231
3 -0.641744 0.00653301
4 -0.677566 0.0056046
5 -0.695632 0.00581833
6 -0.724949 0.00598841
7 -0.743058 0.00674589
8 -0.752014 0.00596145
9 -0.761795 0.00527038
10 -0.772072 0.00454859
11 -0.778895 0.00469103
12 -0.787067 0.00410124
13 -0.788086 0.00344463
14 -0.787548 0.00367781
15 -0.786611 0.0038701
16 -0.790598 0.00408166
17 -0.794599 0.00471673
18 -0.80019 0.00488356
19 -0.800805 0.00425265
20 -0.798039 0.00350068
21 -0.793355 0.00352114
22 -0.789012 0.00339244
23 -0.78894 0.00462039
24 -0.787574 0.00337329
25 -0.786058 0.00188129
26 -0.784075 0.00318659
27 -0.783722 0.00371232
28 -0.784899 0.00396741
29 -0.784499 0.00415958
30 -0.782072 0.00453603
31 -0.785242 0.00380433
32 -0.782392 0.00320773
33 -0.779702 0.00305531
34 -0.780079 0.00274994
35 -0.78074 0.00316338
36 -0.782028 0.00385385
37 -0.786695 0.00367335
38 -0.785518 0.00305717
39 -0.785027 0.00360134
40 -0.781714 0.00332415
41 -0.776788 0.00300487
42 -0.778383 0.0026625
43 -0.781875 0.00317467
44 -0.783907 0.00345956
45 -0.785664 0.00290714
46 -0.786616 0.00321616
47 -0.791034 0.00343532
48 -0.788365 0.00252626
49 -0.788295 0.00211254
50 -0.786223 0.00255611
51 -0.781747 0.00264757
52 -0.77967 0.00328049
53 -0.779565 0.00314007
54 -0.780252 0.00358143
55 -0.781389 0.00390903
56 -0.779454 0.00391081
57 -0.780622 0.00279282
58 -0.780723 0.00281328
59 -0.783683 0.00323897
60 -0.783979 0.00323706
61 -0.78451 0.00247946
62 -0.784858 0.00308845
63 -0.780347 0.00348958
64 -0.779808 0.00329957
65 -0.780343 0.00325573
66 -0.784112 0.00304651
67 -0.783662 0.00339795
68 -0.785573 0.00358111
69 -0.780508 0.00393965
70 -0.78524 0.00471593
71 -0.784895 0.00434392
72 -0.788734 0.00467443
73 -0.78842 0.00481873
74 -0.784732 0.00429043
75 -0.785242 0.00383391
76 -0.786521 0.00408117
77 -0.78356 0.00520221
78 -0.783611 0.00524809
79 -0.785165 0.00395
80 -0.78252 0.00374316
81 -0.781172 0.00403984
82 -0.781054 0.00366896
83 -0.779745 0.0041277
84 -0.779342 0.00384779
85 -0.77758 0.00334336
86 -0.775582 0.00336537
87 -0.773597 0.00357701
88 -0.775442 0.00458839
89 -0.778336 0.00451679
90 -0.777541 0.00423501
91 -0.777951 0.00417615
92 -0.775612 0.00400814
93 -0.772537 0.00413463
94 -0.779471 0.00358087
95 -0.779363 0.00334017
96 -0.782113 0.00345621
97 -0.782822 0.00438636
98 -0.783457 0.00451365
99 -0.781611 0.00375893
100 -0.781789 0.00333067
101 -0.781333 0.00297259
102 -0.777186 0.00354506
103 -0.779173 0.00353825
104 -0.77807 0.00328574
105 -0.781577 0.00308773
106 -0.781528 0.00418828
107 -0.777658 0.00409088
108 -0.77607 0.00388652
109 -0.775997 0.00358759
110 -0.777309 0.00358546
111 -0.778605 0.00417434
112 -0.779402 0.00369044
113 -0.77966 0.00316104
114 -0.778766 0.00335179
115 -0.779928 0.00373355
116 -0.781983 0.00315784
117 -0.778326 0.00326187
118 -0.780839 0.00364189
119 -0.781543 0.00325179
120 -0.781777 0.00335639
121 -0.783336 0.0035646
122 -0.782791 0.00330778
123 -0.780853 0.00332837
124 -0.775853 0.00360145
125 -0.775566 0.00472
126 -0.774567 0.00388507
127 -0.772027 0.00364497
128 -0.773592 0.00439598
129 -0.774701 0.00407327
130 -0.775613 0.00487968
131 -0.778285 0.00485552
132 -0.775208 0.004159
133 -0.774869 0.00393291
134 -0.775509 0.00327625
135 -0.775275 0.00363095
136 -0.772664 0.00325129
137 -0.773968 0.00314954
138 -0.772557 0.00286838
139 -0.776155 0.0026431
140 -0.770853 0.00242613
141 -0.769455 0.00371005
142 -0.765785 0.00366171
143 -0.768524 0.00339643
144 -0.77245 0.00308619
145 -0.774787 0.00335395
146 -0.776818 0.00285509
147 -0.776484 0.00336528
148 -0.777724 0.0037277
149 -0.779468 0.00336492
150 -0.784196 0.00404283
151 -0.784366 0.00355095
152 -0.783722 0.00365874
153 -0.784274 0.00314143
154 -0.783398 0.00314288
155 -0.782753 0.0028751
156 -0.781692 0.0029335
157 -0.780388 0.00303112
158 -0.777489 0.00357246
159 -0.778194 0.00280655
160 -0.776564 0.00281155
161 -0.774909 0.00395826
162 -0.773975 0.00357189
163 -0.77321 0.00434056
164 -0.77103 0.00416223
165 -0.770595 0.00420598
166 -0.775882 0.00339934
167 -0.775561 0.00361118
168 -0.774647 0.00376523
169 -0.774597 0.00357039
170 -0.775718 0.00300003
171 -0.775252 0.00331297
172 -0.776703 0.00363264
173 -0.780389 0.00377412
174 -0.779849 0.00379239
175 -0.778887 0.00439384
176 -0.779809 0.00487628
177 -0.781442 0.0047426
178 -0.781667 0.00488123
179 -0.782936 0.00443533
180 -0.781837 0.00373303
181 -0.781792 0.00425839
182 -0.778245 0.00407261
183 -0.781097 0.00405848
184 -0.781324 0.00440633
185 -0.778945 0.00385942
186 -0.77844 0.00436918
187 -0.77844 0.00366653
188 -0.774566 0.00335006
189 -0.77527 0.00396451
190 -0.776765 0.00376623
191 -0.779815 0.00431968
192 -0.781857 0.00360031
193 -0.781506 0.00408895
194 -0.781369 0.00371013
195 -0.780085 0.0036984
196 -0.781442 0.00328815
197 -0.781823 0.00411681
198 -0.781757 0.00363175
199 -0.782203 0.00340906
200 -0.780297 0.0035174
201 -0.781746 0.00348149
202 -0.776881 0.00327206
203 -0.78186 0.00302697
204 -0.7839 0.00398731
205 -0.777354 0.00450348
206 -0.775723 0.00415821
207 -0.777609 0.00345043
208 -0.779805 0.00239731
209 -0.78109 0.00328472
210 -0.782172 0.00393128
211 -0.780855 0.00408961
212 -0.777085 0.00475713
213 -0.775528 0.00469992
214 -0.77938 0.00537652
215 -0.778584 0.0045869
216 -0.782591 0.00461885
217 -0.781945 0.00387694
218 -0.783431 0.00397799
219 -0.785171 0.0035083
220 -0.785869 0.00359898
221 -0.785229 0.00382474
222 -0.781585 0.00344453
223 -0.786163 0.00331089
224 -0.781963 0.00354893
225 -0.781098 0.00451525
226 -0.783 0.0047487
227 -0.783176 0.00434925
228 -0.780243 0.00443943
229 -0.785528 0.00413212
230 -0.784902 0.00310904
231 -0.786391 0.00272953
232 -0.783443 0.0032022
233 -0.784449 0.00329052
234 -0.785396 0.00318342
235 -0.782683 0.00283138
236 -0.783305 0.00353947
237 -0.78342 0.00277511
238 -0.783668 0.00272962
239 -0.784284 0.00306131
240 -0.783753 0.00330566
241 -0.784709 0.00313644
242 -0.785116 0.0032427
243 -0.784896 0.00259388
244 -0.78175 0.00209919
245 -0.782559 0.00215986
246 -0.780721 0.00249561
247 -0.779379 0.00318738
248 -0.779491 0.00346744
249 -0.779002 0.00347745
250 -0.779486 0.00364409
251 -0.780503 0.00318822
252 -0.779909 0.00285645
253 -0.778398 0.00412466
254 -0.779738 0.00394355
255 -0.777516 0.00397449
256 -0.779369 0.00325907
257 -0.777504 0.00400594
258 -0.779134 0.0043784
259 -0.780536 0.00445154
260 -0.783669 0.00376167
261 -0.780631 0.00402213
262 -0.780059 0.00367034
263 -0.782409 0.00413221
264 -0.785141 0.00408984
265 -0.78531 0.00443766
266 -0.783156 0.00417637
267 -0.782458 0.00436935
268 -0.785334 0.00405612
269 -0.786461 0.00383045
270 -0.787192 0.00374469
271 -0.790258 0.00340948
272 -0.787525 0.0038853
273 -0.786875 0.00463635
274 -0.786927 0.00416714
275 -0.787537 0.00360784
276 -0.789165 0.00338592
277 -0.790326 0.00319304
278 -0.795248 0.00302719
279 -0.793868 0.00313977
280 -0.79138 0.00398587
281 -0.787256 0.00446735
282 -0.784533 0.00324087
283 -0.784087 0.00345326
284 -0.786869 0.00328006
285 -0.781457 0.00379967
286 -0.779259 0.00326637
287 -0.777258 0.00334373
288 -0.773162 0.00431976
289 -0.7686 0.00472432
290 -0.760101 0.00453453
291 -0.755736 0.003674
292 -0.74002 0.00375695
293 -0.731699 0.00496808
294 -0.704431 0.0041976
295 -0.675052 0.00425006
296 -0.645454 0.00453836
297 -0.595524 0.00534056
298 -0.541357 0.00768459
299 -0.450975 0.0088485
