0 -0.776891 0.00344957
1 -0.779232 0.00352957
2 -0.78148 0.00315797
3 -0.785836 0.00267354
4 -0.780108 0.00271476
5 -0.780377 0.00379415
6 -0.78247 0.00310943
7 -0.775634 0.00372437
8 -0.776731 0.00427613
9 -0.773426 0.0045722
10 -0.774647 0.00434319
11 -0.773948 0.00355361
12 -0.779133 0.00316952
13 -0.778192 0.00345293
14 -0.77922 0.00333963
15 -0.775127 0.00252637
16 -0.778893 0.00308128
17 -0.778 0.00408506
18 -0.780445 0.00389341
19 -0.78031 0.00437309
20 -0.776606 0.0038222
21 -0.781153 0.0038913
22 -0.780088 0.00378057
23 -0.780986 0.00380279
24 -0.778571 0.00423163
25 -0.780548 0.00351024
26 -0.780691 0.0036635
27 -0.783274 0.00294875
28 -0.78073 0.00342439
29 -0.780757 0.00381535
30 -0.776483 0.00382815
31 -0.776522 0.0039427
32 -0.778886 0.00431817
33 -0.781587 0.00427938
34 -0.778903 0.00506466
35 -0.77964 0.00469357
36 -0.779209 0.00446222
37 -0.784131 0.00403226
38 -0.78435 0.00390984
39 -0.783268 0.00399104
40 -0.781443 0.00368079
41 -0.780436 0.00301366
42 -0.782983 0.00305218
43 -0.782413 0.0030301
44 -0.782955 0.00336159
45 -0.782941 0.00310097
46 -0.782736 0.00278827
47 -0.782954 0.00273705
48 -0.777925 0.0033477
49 -0.780511 0.00344272
50 -0.781654 0.00332849
51 -0.778333 0.00367825
52 -0.780665 0.00358788
53 -0.781799 0.00347555
54 -0.781445 0.00367644
55 -0.783151 0.00344121
56 -0.780314 0.00404536
57 -0.779582 0.00371193
58 -0.77938 0.00418634
59 -0.778914 0.0035467
60 -0.777813 0.00419007
61 -0.783838 0.00395433
62 -0.780801 0.00378484
63 -0.783665 0.00438905
64 -0.781209 0.00418626
65 -0.78451 0.00401654
66 -0.782821 0.00395296
67 -0.781099 0.0043154
68 -0.781527 0.00478414
69 -0.778236 0.00442934
70 -0.775747 0.00474438
71 -0.774954 0.00383609
72 -0.778049 0.00372184
73 -0.780757 0.00442593
74 -0.782055 0.00432061
75 -0.780003 0.00501515
76 -0.781966 0.00403029
77 -0.777811 0.00509651
78 -0.777648 0.00489179
79 -0.778141 0.00463095
80 -0.777661 0.00505247
81 -0.778877 0.00441628
82 -0.777244 0.00522922
83 -0.776922 0.00519944
84 -0.780945 0.00414421
85 -0.779787 0.00465233
86 -0.784054 0.00447821
87 -0.782936 0.00517037
88 -0.783497 0.00499019
89 -0.783176 0.00432709
90 -0.78352 0.00513826
91 -0.782207 0.00447642
92 -0.78428 0.00348325
93 -0.779286 0.00424114
94 -0.781908 0.0032862
95 -0.782158 0.00337995
96 -0.782213 0.00371877
97 -0.784513 0.0036607
98 -0.782197 0.00353854
99 -0.782472 0.00391437
100 -0.78352 0.00367972
101 -0.785248 0.0039721
102 -0.781813 0.00362172
103 -0.785964 0.00385334
104 -0.781896 0.00387223
105 -0.783877 0.00331649
106 -0.782894 0.00326121
107 -0.780756 0.00309559
108 -0.780537 0.00334377
109 -0.782107 0.0038342
110 -0.782032 0.00298904
111 -0.780011 0.00374852
112 -0.782402 0.00435001
113 -0.780149 0.00352118
114 -0.779324 0.00344243
115 -0.780533 0.00297463
116 -0.780736 0.00299558
117 -0.784086 0.00333303
118 -0.787979 0.00342117
119 -0.78718 0.0029777
120 -0.781752 0.003326
121 -0.779447 0.00349693
122 -0.781668 0.00321177
123 -0.782122 0.00295011
124 -0.782377 0.00336973
125 -0.784383 0.00279269
126 -0.783604 0.00273047
127 -0.785559 0.00319802
128 -0.784451 0.00377504
129 -0.784804 0.00394672
130 -0.778597 0.0039807
131 -0.779193 0.00400903
132 -0.78209 0.00350297
133 -0.781991 0.00363062
134 -0.783421 0.00413969
135 -0.783057 0.0037067
136 -0.781835 0.00497935
137 -0.780128 0.00374498
138 -0.780632 0.00375927
139 -0.782748 0.00365729
140 -0.781897 0.00309381
141 -0.780234 0.00317186
142 -0.77826 0.00317402
143 -0.778453 0.0035872
144 -0.77854 0.00413426
145 -0.777776 0.00399351
146 -0.773416 0.00362043
147 -0.775659 0.00414755
148 -0.774536 0.00447428
149 -0.773335 0.003423
150 -0.770302 0.00318925
151 -0.774305 0.00382109
152 -0.776745 0.00286835
153 -0.77973 0.00345613
154 -0.783867 0.00345808
155 -0.783627 0.00299118
156 -0.779872 0.00345641
157 -0.780424 0.00372607
158 -0.77874 0.0036854
159 -0.780444 0.00337285
160 -0.779414 0.00315824
161 -0.781545 0.00291655
162 -0.784723 0.00310722
163 -0.781838 0.00244761
164 -0.78222 0.00283629
165 -0.779132 0.00270034
166 -0.773999 0.00300678
167 -0.774523 0.00348415
168 -0.773337 0.00414276
169 -0.777454 0.00471818
170 -0.780639 0.00457484
171 -0.780988 0.00394306
172 -0.783115 0.00373167
173 -0.78031 0.004363
174 -0.785423 0.00384649
175 -0.786323 0.00352312
176 -0.784673 0.00321117
177 -0.785561 0.00318511
178 -0.780378 0.00328201
179 -0.781 0.00349612
180 -0.780872 0.00390044
181 -0.779953 0.00322403
182 -0.77691 0.00309471
183 -0.779961 0.00274071
184 -0.780526 0.00338082
185 -0.78087 0.0031219
186 -0.782298 0.00262534
187 -0.779094 0.00331678
188 -0.780609 0.00254203
189 -0.779843 0.0028119
190 -0.779491 0.00258552
191 -0.784672 0.0026506
192 -0.783184 0.00299667
193 -0.779991 0.00310288
194 -0.778002 0.00359565
195 -0.776905 0.00428919
196 -0.779147 0.00398748
197 -0.78074 0.00338661
198 -0.77815 0.00358508
199 -0.778924 0.00397637
200 -0.781705 0.0043873
201 -0.781481 0.0039032
202 -0.780948 0.00442594
203 -0.78437 0.00494135
204 -0.784813 0.0049229
205 -0.789391 0.00503496
206 -0.785432 0.00490088
207 -0.785623 0.00428457
208 -0.780802 0.00441812
209 -0.781123 0.00395905
210 -0.783407 0.00387358
211 -0.783336 0.0038076
212 -0.783606 0.00517166
213 -0.785322 0.0045199
214 -0.782732 0.00465039
215 -0.782562 0.00398325
216 -0.783349 0.00426778
217 -0.781938 0.00428461
218 -0.778967 0.00400529
219 -0.777967 0.0030315
220 -0.775281 0.00325507
221 -0.770915 0.00327231
222 -0.774472 0.00421378
223 -0.778037 0.00379413
224 -0.778795 0.00426285
225 -0.777049 0.00475051
226 -0.779497 0.00446719
227 -0.777508 0.00324081
228 -0.776309 0.00379389
229 -0.775843 0.00371836
230 -0.77748 0.00379647
231 -0.776307 0.00395696
232 -0.777278 0.00369461
233 -0.77528 0.00418793
234 -0.773198 0.00373715
235 -0.772127 0.00397583
236 -0.774766 0.0045339
237 -0.772954 0.00464228
238 -0.776091 0.00409802
239 -0.777196 0.00398917
240 -0.779797 0.00396556
241 -0.782476 0.00363718
242 -0.78244 0.0038413
243 -0.780694 0.0036356
244 -0.780772 0.00338579
245 -0.780493 0.0038193
246 -0.778171 0.00452737
247 -0.779782 0.00452665
248 -0.781446 0.00476722
249 -0.780396 0.0043677
250 -0.783412 0.00455858
251 -0.785871 0.00458439
252 -0.784934 0.00436516
253 -0.785858 0.00464204
254 -0.78698 0.00424277
255 -0.787888 0.0042573
256 -0.788697 0.00329017
257 -0.784578 0.00333373
258 -0.78431 0.00313638
259 -0.783766 0.00333546
260 -0.78056 0.00335632
261 -0.779211 0.00318521
262 -0.78131 0.0030505
263 -0.783386 0.00322168
264 -0.781576 0.00311868
265 -0.783235 0.00329349
266 -0.786236 0.00360832
267 -0.785201 0.00328691
268 -0.783 0.00355627
269 -0.781688 0.00348145
270 -0.779089 0.00375258
271 -0.779548 0.00378673
272 -0.778706 0.00348959
273 -0.780482 0.00417386
274 -0.781502 0.00420756
275 -0.782976 0.00401666
276 -0.782238 0.00395543
277 -0.778512 0.00347301
278 -0.778005 0.00414589
279 -0.77768 0.00480833
280 -0.77737 0.00436568
281 -0.771311 0.00417513
282 -0.772695 0.00516647
283 -0.772042 0.00457246
284 -0.774533 0.00432463
285 -0.777362 0.00457711
286 -0.781989 0.00433873
287 -0.779688 0.00359649
288 -0.779489 0.00317228
289 -0.777699 0.00354339
290 -0.777744 0.00401639
291 -0.775435 0.00398217
292 -0.773233 0.0028675
293 -0.770881 0.00324826
294 -0.768441 0.0042088
295 -0.769778 0.00427158
296 -0.771312 0.00394581
297 -0.762895 0.00437828
298 -0.760682 0.00354198
299 -0.756425 0.00388359
