-2.99 0 0
-2.97 0 0
-2.95 0 0
-2.93 0 0
-2.91 0 0
-2.89 0 0
-2.87 0 0
-2.85 0 0
-2.83 0 0
-2.81 0 0
-2.79 0 0
-2.77 0 0
-2.75 0 0
-2.73 0 0
-2.71 0 0
-2.69 2.04918e-05 1.99729e-05
-2.67 0 0
-2.65 0 0
-2.63 1.02459e-05 9.98647e-06
-2.61 0 0
-2.59 0 0
-2.57 0 0
-2.55 2.04918e-05 1.99729e-05
-2.53 0 0
-2.51 4.09836e-05 2.74926e-05
-2.49 4.09836e-05 2.33643e-05
-2.47 5.12295e-05 1.98411e-05
-2.45 8.19672e-05 3.66569e-05
-2.43 7.17213e-05 3.32795e-05
-2.41 0.000112705 3.6871e-05
-2.39 0.000112705 3.39045e-05
-2.37 0.000112705 4.68967e-05
-2.35 0.00017418 3.90824e-05
-2.33 0.000122951 3.36715e-05
-2.31 0.000307377 7.31704e-05
-2.29 0.000194672 3.06522e-05
-2.27 0.000420082 9.10387e-05
-2.25 0.000471311 0.000111393
-2.23 0.000491803 0.000110732
-2.21 0.000625 0.000106946
-2.19 0.0010041 0.000135075
-2.17 0.00115779 0.000110613
-2.15 0.00134221 0.00015705
-2.13 0.00186475 0.000153962
-2.11 0.00201844 0.000187405
-2.09 0.00233607 0.000173516
-2.07 0.00282787 0.000177227
-2.05 0.00365779 0.000231056
-2.03 0.00477459 0.000253511
-2.01 0.00510246 0.000267141
-1.99 0.00605533 0.000236977
-1.97 0.00730533 0.000412714
-1.95 0.00898566 0.000367219
-1.93 0.0114652 0.000534061
-1.91 0.012541 0.000474552
-1.89 0.01375 0.000498987
-1.87 0.0168135 0.000522938
-1.85 0.0191189 0.000405225
-1.83 0.0223566 0.000647992
-1.81 0.0240574 0.000657879
-1.79 0.0289959 0.000723262
-1.77 0.0317008 0.000583045
-1.75 0.0359836 0.000764182
-1.73 0.0403791 0.000886075
-1.71 0.0451127 0.000978822
-1.69 0.050543 0.00113246
-1.67 0.0553074 0.000791909
-1.65 0.0618648 0.0014871
-1.63 0.0696414 0.00136615
-1.61 0.0758607 0.00166562
-1.59 0.0845799 0.00158291
-1.57 0.0894057 0.001582
-1.55 0.10082 0.00178837
-1.53 0.109529 0.00180004
-1.51 0.119887 0.00189826
-1.49 0.126311 0.00169751
-1.47 0.140768 0.00186557
-1.45 0.148801 0.00249909
-1.43 0.15751 0.00293295
-1.41 0.172131 0.00261505
-1.39 0.178637 0.00234579
-1.37 0.190318 0.00271046
-1.35 0.200164 0.00235551
-1.33 0.21165 0.00339067
-1.31 0.223094 0.00255051
-1.29 0.233012 0.00339469
-1.27 0.243863 0.00370716
-1.25 0.254723 0.00397069
-1.23 0.26585 0.0033092
-1.21 0.273381 0.00282095
-1.19 0.285932 0.00439037
-1.17 0.292623 0.00422502
-1.15 0.307428 0.0042526
-1.13 0.314898 0.00418003
-1.11 0.321762 0.0035081
-1.09 0.332121 0.00361478
-1.07 0.335973 0.00425439
-1.05 0.345492 0.00459026
-1.03 0.352541 0.00370367
-1.01 0.355277 0.00411582
-0.99 0.360113 0.00341372
-0.97 0.369508 0.00369928
-0.95 0.372305 0.00398257
-0.93 0.374549 0.00408048
-0.91 0.38 0.00420752
-0.89 0.380082 0.0041117
-0.87 0.381424 0.00445618
-0.85 0.385994 0.00396585
-0.83 0.387182 0.00465208
-0.81 0.38499 0.00338952
-0.79 0.387254 0.00465077
-0.77 0.387244 0.0048489
-0.75 0.385574 0.0040478
-0.73 0.385891 0.00490222
-0.71 0.385174 0.00442979
-0.69 0.38042 0.00381837
-0.67 0.375369 0.0041889
-0.65 0.379887 0.0034937
-0.63 0.37457 0.00484535
-0.61 0.373873 0.00429042
-0.59 0.371588 0.00365583
-0.57 0.370092 0.00343577
-0.55 0.365307 0.00436262
-0.53 0.360912 0.00293766
-0.51 0.3604 0.00361217
-0.49 0.356127 0.00351868
-0.47 0.350297 0.00391038
-0.45 0.345861 0.00289162
-0.43 0.341096 0.00277539
-0.41 0.342439 0.00251732
-0.39 0.33999 0.00308721
-0.37 0.335174 0.00220143
-0.35 0.333381 0.00219128
-0.33 0.329816 0.00284775
-0.31 0.323135 0.00295501
-0.29 0.325471 0.00266504
-0.27 0.318965 0.00322547
-0.25 0.315809 0.00253856
-0.23 0.316004 0.00257366
-0.21 0.313402 0.00236436
-0.19 0.306906 0.00284818
-0.17 0.309385 0.00278235
-0.15 0.308135 0.00255339
-0.13 0.305451 0.00266635
-0.11 0.303822 0.00246385
-0.09 0.310123 0.00317323
-0.07 0.304785 0.00231259
-0.05 0.30417 0.00231957
-0.03 0.300492 0.00253823
-0.01 0.301004 0.00182549
0.01 0.302029 0.00210098
0.03 0.302869 0.00315328
0.05 0.306547 0.00209139
0.07 0.304129 0.00197176
0.09 0.307941 0.00208185
0.11 0.305738 0.00214954
0.13 0.30709 0.002268
0.15 0.311619 0.00266807
0.17 0.313268 0.00187042
0.19 0.316107 0.00253248
0.21 0.313227 0.00273224
0.23 0.323033 0.00278143
0.25 0.321086 0.00264304
0.27 0.325338 0.00187062
0.29 0.323166 0.0022818
0.31 0.328801 0.00227129
0.33 0.333094 0.00219432
0.35 0.335635 0.00299723
0.37 0.336363 0.00215313
0.39 0.341865 0.00279385
0.41 0.345256 0.0029509
0.43 0.348791 0.00338549
0.45 0.349928 0.00258051
0.47 0.355482 0.00205255
0.49 0.362869 0.00316993
0.51 0.359529 0.00266435
0.53 0.363043 0.00286916
0.55 0.36584 0.00344037
0.57 0.369027 0.00286524
0.59 0.372357 0.00288534
0.61 0.377295 0.00283412
0.63 0.381096 0.00331321
0.65 0.384662 0.00327508
0.67 0.380113 0.00317396
0.69 0.387387 0.00225002
0.71 0.389488 0.00345459
0.73 0.391803 0.0037458
0.75 0.394129 0.00319617
0.77 0.393002 0.00388724
0.79 0.391455 0.00335077
0.81 0.391035 0.00390069
0.83 0.391619 0.00427216
0.85 0.388381 0.00410077
0.87 0.38209 0.00439425
0.89 0.386424 0.00498244
0.91 0.38207 0.00525399
0.93 0.378607 0.00481774
0.95 0.376465 0.00448263
0.97 0.367613 0.00463161
0.99 0.363443 0.00521623
1.01 0.35876 0.00521893
1.03 0.35126 0.00467196
1.05 0.351578 0.00530611
1.07 0.34333 0.00481345
1.09 0.330809 0.00547377
1.11 0.320318 0.00525476
1.13 0.315471 0.00481528
1.15 0.307059 0.00479181
1.17 0.294129 0.00454517
1.19 0.285502 0.00394346
1.21 0.275461 0.00441889
1.23 0.267141 0.00441267
1.25 0.256363 0.00357708
1.27 0.246998 0.00372143
1.29 0.238422 0.00429587
1.31 0.222531 0.00351124
1.33 0.214898 0.00320378
1.35 0.204939 0.0029285
1.37 0.189764 0.003941
1.39 0.181814 0.00287466
1.41 0.171691 0.00283581
1.43 0.158279 0.0028887
1.45 0.146875 0.00273072
1.47 0.138299 0.00211403
1.49 0.12499 0.00201376
1.51 0.117766 0.00244266
1.53 0.110328 0.00214457
1.55 0.100574 0.00225906
1.57 0.0914857 0.00174093
1.59 0.0818443 0.00190989
1.61 0.0773361 0.00174153
1.63 0.0683094 0.00151309
1.65 0.061957 0.00166931
1.67 0.055123 0.00124529
1.69 0.0498873 0.00124018
1.71 0.0466393 0.000872936
1.73 0.0393545 0.000964256
1.75 0.0356455 0.00102269
1.77 0.0331352 0.00117753
1.79 0.0283709 0.000877025
1.81 0.0264139 0.000725638
1.83 0.0228176 0.000594841
1.85 0.0194775 0.000612097
1.87 0.0166393 0.000478079
1.89 0.0149693 0.000600147
1.91 0.0127766 0.000527495
1.93 0.011332 0.000431327
1.95 0.00884221 0.00035971
1.97 0.00800205 0.000391086
1.99 0.00633197 0.000304598
2.01 0.00578893 0.000305965
2.03 0.00467213 0.000261059
2.05 0.0039959 0.000277775
2.07 0.00280738 0.000234136
2.09 0.00260246 0.000230521
2.11 0.00232582 0.000150775
2.13 0.00184426 0.00019223
2.15 0.00147541 0.000168108
2.17 0.00146516 0.000172834
2.19 0.0010041 8.80194e-05
2.21 0.000829918 0.000103959
2.23 0.000604508 6.22813e-05
2.25 0.000635246 8.80194e-05
2.27 0.000420082 7.31345e-05
2.29 0.000297131 6.55658e-05
2.31 0.000286885 5.30417e-05
2.33 0.000143443 4.1239e-05
2.35 0.000112705 4.90842e-05
2.37 0.000112705 3.9616e-05
2.39 0.000102459 3.07377e-05
2.41 7.17213e-05 2.62223e-05
2.43 8.19672e-05 3.66569e-05
2.45 6.14754e-05 2.55121e-05
2.47 7.17213e-05 2.62223e-05
2.49 2.04918e-05 1.37463e-05
2.51 1.02459e-05 9.98647e-06
2.53 2.04918e-05 1.37463e-05
2.55 0 0
2.57 0 0
2.59 2.04918e-05 1.99729e-05
2.61 0 0
2.63 0 0
2.65 0 0
2.67 0 0
2.69 0 0
2.71 0 0
2.73 0 0
2.75 0 0
2.77 0 0
2.79 0 0
2.81 0 0
2.83 0 0
2.85 0 0
2.87 0 0
2.89 0 0
2.91 0 0
2.93 0 0
2.95 0 0
2.97 0 0
2.99 0 0
