-2.99 0 0
-2.97 0 0
-2.95 0 0
-2.93 0 0
-2.91 0 0
-2.89 0 0
-2.87 0 0
-2.85 0 0
-2.83 0 0
-2.81 0 0
-2.79 0 0
-2.77 0 0
-2.75 0 0
-2.73 0 0
-2.71 0 0
-2.69 0 0
-2.67 0 0
-2.65 0 0
-2.63 0 0
-2.61 0 0
-2.59 0 0
-2.57 0 0
-2.55 0 0
-2.53 1.02459e-05 9.98647e-06
-2.51 0 0
-2.49 4.09836e-05 3.10774e-05
-2.47 3.07377e-05 1.63614e-05
-2.45 4.09836e-05 2.33643e-05
-2.43 4.09836e-05 2.33643e-05
-2.41 5.12295e-05 2.45688e-05
-2.39 6.14754e-05 2.55121e-05
-2.37 0.000112705 3.06522e-05
-2.35 0.000133197 4.64468e-05
-2.33 0.000235656 5.47461e-05
-2.31 0.000184426 5.20427e-05
-2.29 0.00022541 6.46386e-05
-2.27 0.000471311 6.81179e-05
-2.25 0.000471311 6.49626e-05
-2.23 0.000563525 8.1807e-05
-2.21 0.000706967 0.000110803
-2.19 0.000922131 0.000119925
-2.17 0.00102459 0.000125486
-2.15 0.00119877 0.000131431
-2.13 0.00180328 0.000161743
-2.11 0.0019877 0.000158132
-2.09 0.00235656 0.000123377
-2.07 0.00314549 0.000168529
-2.05 0.00396516 0.000221783
-2.03 0.00498975 0.000266895
-2.01 0.00508197 0.000266236
-1.99 0.00681352 0.000336676
-1.97 0.00705943 0.000268933
-1.95 0.00903689 0.000326232
-1.93 0.01 0.000516499
-1.91 0.0122336 0.000365737
-1.89 0.0141701 0.000472929
-1.87 0.0160553 0.000461242
-1.85 0.0196311 0.000515278
-1.83 0.0228791 0.000610173
-1.81 0.0251025 0.000618584
-1.79 0.0288217 0.000817013
-1.77 0.0321721 0.000963769
-1.75 0.0359119 0.000713526
-1.73 0.0403176 0.00070001
-1.71 0.0472131 0.0011269
-1.69 0.0527459 0.00111425
-1.67 0.0559939 0.00113724
-1.65 0.0641189 0.00164586
-1.63 0.0698463 0.00142461
-1.61 0.0765164 0.00164135
-1.59 0.0868033 0.00168584
-1.57 0.0939037 0.00169171
-1.55 0.100779 0.00183785
-1.53 0.109098 0.00227516
-1.51 0.11751 0.0025338
-1.49 0.127879 0.00230337
-1.47 0.138555 0.00237109
-1.45 0.146834 0.00274882
-1.43 0.159078 0.00304071
-1.41 0.16748 0.00304709
-1.39 0.180676 0.00334733
-1.37 0.191455 0.0024421
-1.35 0.202551 0.00275904
-1.33 0.2121 0.00321256
-1.31 0.226424 0.00351617
-1.29 0.233402 0.0037093
-1.27 0.245461 0.00368272
-1.25 0.255287 0.00330822
-1.23 0.266066 0.00409596
-1.21 0.27665 0.00343779
-1.19 0.288176 0.00323599
-1.17 0.30083 0.00351488
-1.15 0.305236 0.00378662
-1.13 0.310061 0.00383372
-1.11 0.328412 0.0043477
-1.09 0.329682 0.00360432
-1.07 0.340215 0.00308134
-1.05 0.34373 0.00406039
-1.03 0.34833 0.00408086
-1.01 0.35833 0.0038202
-0.99 0.36293 0.00461241
-0.97 0.366342 0.00393485
-0.95 0.371496 0.00391055
-0.93 0.374119 0.00346972
-0.91 0.376609 0.00295676
-0.89 0.384744 0.00339554
-0.87 0.390113 0.00400972
-0.85 0.389949 0.00398666
-0.83 0.389375 0.00357552
-0.81 0.388514 0.00433348
-0.79 0.389846 0.00351183
-0.77 0.389426 0.00469572
-0.75 0.384836 0.00402621
-0.73 0.389119 0.00363835
-0.71 0.386527 0.00345817
-0.69 0.382951 0.00403524
-0.67 0.380861 0.00323318
-0.65 0.378258 0.00380334
-0.63 0.376701 0.00362085
-0.61 0.373934 0.00339022
-0.59 0.36752 0.00359129
-0.57 0.366824 0.00378019
-0.55 0.363248 0.00343485
-0.53 0.356773 0.00379484
-0.51 0.351404 0.00277678
-0.49 0.355092 0.00291673
-0.47 0.349201 0.00259874
-0.45 0.35041 0.00262455
-0.43 0.342336 0.00257999
-0.41 0.341414 0.00245504
-0.39 0.337398 0.00280332
-0.37 0.334088 0.00243561
-0.35 0.329816 0.00339909
-0.33 0.328443 0.00294849
-0.31 0.323945 0.00256005
-0.29 0.323443 0.00275877
-0.27 0.316639 0.00261965
-0.25 0.314887 0.00216386
-0.23 0.314908 0.00325694
-0.21 0.31377 0.00258207
-0.19 0.312684 0.00257272
-0.17 0.306301 0.00338381
-0.15 0.305061 0.00192182
-0.13 0.302787 0.00331627
-0.11 0.299652 0.00224458
-0.09 0.304109 0.00310741
-0.07 0.299611 0.00259644
-0.05 0.300266 0.00312589
-0.03 0.301619 0.00272568
-0.01 0.298852 0.00238597
0.01 0.29998 0.0027935
0.03 0.301998 0.00219386
0.05 0.302561 0.00266608
0.07 0.304805 0.00233307
0.09 0.298012 0.00228863
0.11 0.30167 0.00234321
0.13 0.30123 0.00309402
0.15 0.309898 0.00243625
0.17 0.310973 0.00270878
0.19 0.312213 0.00211738
0.21 0.311148 0.00324267
0.23 0.312213 0.00277546
0.25 0.316496 0.0025326
0.27 0.31916 0.00191483
0.29 0.320492 0.00223459
0.31 0.32833 0.00259955
0.33 0.331773 0.00253803
0.35 0.333791 0.00203664
0.37 0.334191 0.00208071
0.39 0.337152 0.00229692
0.41 0.340307 0.00258847
0.43 0.343299 0.00269933
0.45 0.351076 0.00318283
0.47 0.35624 0.00327582
0.49 0.357018 0.00365257
0.51 0.360891 0.00293714
0.53 0.364754 0.00339008
0.55 0.36791 0.0025441
0.57 0.373125 0.00297323
0.59 0.37543 0.00248648
0.61 0.377746 0.00401507
0.63 0.378566 0.00390221
0.65 0.38248 0.00451482
0.67 0.387049 0.00354682
0.69 0.387613 0.00270268
0.71 0.392285 0.00326564
0.73 0.391045 0.00368243
0.75 0.388883 0.00420242
0.77 0.392387 0.00490115
0.79 0.394355 0.00396408
0.81 0.39167 0.00320339
0.83 0.394764 0.00454577
0.85 0.39 0.00478258
0.87 0.386363 0.00420008
0.89 0.387018 0.00381578
0.91 0.385881 0.00435302
0.93 0.385758 0.00453197
0.95 0.379652 0.00337705
0.97 0.372572 0.00420108
0.99 0.368361 0.00512959
1.01 0.364734 0.00486817
1.03 0.353074 0.00525408
1.05 0.351506 0.00495928
1.07 0.343094 0.00442777
1.09 0.333975 0.00434918
1.11 0.326086 0.00432115
1.13 0.31748 0.00471855
1.15 0.306732 0.00455076
1.17 0.299508 0.0050351
1.19 0.294344 0.00513418
1.21 0.277357 0.00417295
1.23 0.271762 0.00376223
1.25 0.255943 0.00467072
1.27 0.249273 0.00344154
1.29 0.236506 0.00360258
1.31 0.223719 0.00336399
1.33 0.214232 0.00305419
1.35 0.200184 0.00378674
1.37 0.190348 0.00324153
1.39 0.178791 0.00319128
1.41 0.167377 0.00263575
1.43 0.157387 0.0025336
1.45 0.149877 0.00251028
1.47 0.136424 0.00260999
1.49 0.127982 0.00165423
1.51 0.116947 0.00273399
1.53 0.110963 0.00210505
1.55 0.0999898 0.00152712
1.57 0.0907275 0.00129236
1.59 0.083166 0.00158499
1.61 0.0764857 0.00146526
1.63 0.0692623 0.00146692
1.65 0.063873 0.00130812
1.67 0.0565676 0.00122767
1.69 0.053166 0.00126108
1.71 0.0464242 0.00121287
1.73 0.0401332 0.00133246
1.75 0.0366598 0.00110986
1.77 0.0318648 0.000799115
1.79 0.0278689 0.000872648
1.81 0.0235143 0.000643435
1.83 0.02125 0.000654151
1.85 0.0179918 0.000530734
1.87 0.0164242 0.000610689
1.89 0.013791 0.000457087
1.91 0.0113832 0.000410214
1.93 0.00983607 0.000496054
1.95 0.00851434 0.000272423
1.97 0.00778689 0.000366569
1.99 0.00668033 0.00036033
2.01 0.00567623 0.000305011
2.03 0.00423156 0.000301611
2.05 0.00348361 0.000269138
2.07 0.00367828 0.000295706
2.09 0.00268443 0.000185505
2.11 0.00255123 0.000177745
2.13 0.00196721 0.000202548
2.15 0.00159836 0.000142414
2.17 0.00131148 0.000133118
2.19 0.00107582 0.000156648
2.21 0.000758197 0.000116911
2.23 0.000665984 8.55701e-05
2.25 0.000481557 0.000132228
2.27 0.00039959 6.55658e-05
2.29 0.000389344 7.08376e-05
2.31 0.000143443 4.60496e-05
2.33 0.000163934 6.57656e-05
2.35 0.000102459 2.71081e-05
2.37 0.000102459 3.39818e-05
2.39 6.14754e-05 2.55121e-05
2.41 0.000122951 3.66569e-05
2.43 6.14754e-05 2.93398e-05
2.45 2.04918e-05 1.37463e-05
2.47 4.09836e-05 2.33643e-05
2.49 0 0
2.51 1.02459e-05 9.98647e-06
2.53 1.02459e-05 9.98647e-06
2.55 2.04918e-05 1.37463e-05
2.57 0 0
2.59 0 0
2.61 0 0
2.63 0 0
2.65 0 0
2.67 0 0
2.69 0 0
2.71 0 0
2.73 0 0
2.75 0 0
2.77 0 0
2.79 0 0
2.81 0 0
2.83 0 0
2.85 0 0
2.87 0 0
2.89 0 0
2.91 0 0
2.93 0 0
2.95 0 0
2.97 0 0
2.99 0 0
