-2.99 0.00543138 0.00142948
-2.97 0.00146561 0.000303891
-2.95 0.00196133 0.00041287
-2.93 0.00176735 0.000368174
-2.91 0.00254327 0.000515385
-2.89 0.00226308 0.000319503
-2.87 0.00293122 0.000430631
-2.85 0.00364248 0.000501289
-2.83 0.00387956 0.000579935
-2.81 0.00398733 0.000540012
-2.79 0.00489256 0.000665202
-2.77 0.00560381 0.000605025
-2.75 0.00566847 0.000713714
-2.73 0.00564691 0.000551945
-2.71 0.00644438 0.000650515
-2.69 0.00782378 0.000819174
-2.67 0.00780223 0.00057825
-2.65 0.00887988 0.000795657
-2.63 0.00928939 0.000810738
-2.61 0.0110136 0.000919222
-2.59 0.0118111 0.0008333
-2.57 0.0125008 0.000915944
-2.55 0.0149579 0.000895479
-2.53 0.0169192 0.000891202
-2.51 0.0183201 0.000785137
-2.49 0.0199582 0.0008013
-2.47 0.0230618 0.00103522
-2.45 0.0267905 0.000891411
-2.43 0.0299804 0.00150238
-2.41 0.034097 0.00130531
-2.39 0.0382568 0.0018283
-2.37 0.0423088 0.00172782
-2.35 0.04524 0.00184439
-2.33 0.0509515 0.00181446
-2.31 0.0539043 0.00178318
-2.29 0.0575252 0.00172276
-2.27 0.0609306 0.00184258
-2.25 0.0642283 0.00151026
-2.23 0.0691208 0.00159821
-2.21 0.0765782 0.0012159
-2.19 0.0792077 0.00213667
-2.17 0.08604 0.00232142
-2.15 0.0911912 0.00280066
-2.13 0.0951785 0.00286366
-2.11 0.098196 0.00326223
-2.09 0.10783 0.00326119
-2.07 0.110373 0.00317621
-2.05 0.115913 0.00337014
-2.03 0.121538 0.0037745
-2.01 0.125698 0.00281008
-1.99 0.131754 0.00280559
-1.97 0.13878 0.00309848
-1.95 0.141798 0.00392237
-1.93 0.14641 0.00374519
-1.91 0.151626 0.00382795
-1.89 0.159536 0.00422539
-1.87 0.159709 0.00470633
-1.85 0.167619 0.00436101
-1.83 0.169989 0.00445657
-1.81 0.171908 0.00532956
-1.79 0.176154 0.00399079
-1.77 0.185917 0.00476885
-1.75 0.189107 0.00401445
-1.73 0.193827 0.00399638
-1.71 0.200509 0.00415716
-1.69 0.203483 0.00410002
-1.67 0.210315 0.00450103
-1.65 0.212104 0.00410376
-1.63 0.213462 0.00520449
-1.61 0.221006 0.0047193
-1.59 0.222967 0.00486784
-1.57 0.224799 0.00477687
-1.55 0.237063 0.00422798
-1.53 0.241653 0.00523979
-1.51 0.236588 0.00451158
-1.49 0.240339 0.0045753
-1.47 0.242882 0.00511317
-1.45 0.24618 0.00574154
-1.43 0.249154 0.00520283
-1.41 0.247688 0.00612908
-1.39 0.249585 0.00680007
-1.37 0.246568 0.00607293
-1.35 0.246977 0.0052027
-1.33 0.250469 0.00503554
-1.31 0.249908 0.00594732
-1.29 0.247882 0.00548716
-1.27 0.247904 0.00581118
-1.25 0.249585 0.00535264
-1.23 0.252495 0.00452809
-1.21 0.252538 0.00568138
-1.19 0.255103 0.00537616
-1.17 0.259004 0.00485039
-1.15 0.251503 0.00523394
-1.13 0.256353 0.00446915
-1.11 0.257236 0.0051624
-1.09 0.258508 0.0049262
-1.07 0.264543 0.00506797
-1.05 0.259521 0.00434652
-1.03 0.259823 0.00450938
-1.01 0.258896 0.00475913
-0.99 0.262969 0.00447418
-0.97 0.263788 0.00452127
-0.95 0.262043 0.00435564
-0.93 0.264478 0.00526994
-0.91 0.266008 0.00604763
-0.89 0.261137 0.00418814
-0.87 0.260685 0.00558744
-0.85 0.260146 0.00462217
-0.83 0.259629 0.00479847
-0.81 0.258292 0.00435902
-0.79 0.257818 0.00372749
-0.77 0.261375 0.00385292
-0.75 0.25812 0.00425723
-0.73 0.259737 0.00487734
-0.71 0.256676 0.00400267
-0.69 0.259176 0.00476308
-0.67 0.256827 0.00454588
-0.65 0.256137 0.0055147
-0.63 0.253357 0.00483183
-0.61 0.25284 0.00378446
-0.59 0.251611 0.00447984
-0.57 0.246546 0.00468
-0.55 0.244822 0.00554325
-0.53 0.241977 0.00437897
-0.51 0.240899 0.00512785
-0.49 0.242214 0.00464337
-0.47 0.240188 0.00449046
-0.45 0.243313 0.00539289
-0.43 0.243141 0.00447407
-0.41 0.233873 0.00479715
-0.39 0.235489 0.00420922
-0.37 0.230791 0.00401367
-0.35 0.235489 0.00519936
-0.33 0.229196 0.00442832
-0.31 0.229045 0.00439063
-0.29 0.224777 0.00422666
-0.27 0.222967 0.0035998
-0.25 0.226868 0.00352762
-0.23 0.225877 0.00418241
-0.21 0.224583 0.00436407
-0.19 0.232192 0.00400961
-0.17 0.224885 0.00436131
-0.15 0.225898 0.0038639
-0.13 0.229196 0.00461399
-0.11 0.224928 0.00386283
-0.09 0.225402 0.00463967
-0.07 0.228872 0.00575452
-0.05 0.226308 0.00511313
-0.03 0.229691 0.00423202
-0.01 0.225208 0.00381758
0.01 0.226609 0.00513083
0.03 0.225898 0.00425743
0.05 0.224109 0.00411624
0.07 0.228786 0.00378806
0.09 0.223937 0.00491812
0.11 0.223743 0.00403906
0.13 0.22898 0.00391088
0.15 0.223312 0.00368318
0.17 0.22704 0.0038749
0.19 0.22745 0.00442099
0.21 0.23148 0.00345254
0.23 0.233399 0.0027447
0.25 0.230898 0.00284032
0.27 0.232601 0.0030884
0.29 0.231739 0.00335861
0.31 0.229821 0.0028675
0.33 0.234498 0.00328952
0.35 0.23161 0.00307086
0.37 0.235295 0.00315255
0.39 0.236114 0.00356388
0.41 0.237839 0.0043395
0.43 0.247451 0.00443245
0.45 0.240511 0.00509105
0.47 0.248356 0.00454237
0.49 0.240705 0.00397775
0.51 0.247861 0.00457789
0.53 0.246438 0.00382701
0.55 0.244111 0.00371453
0.57 0.250167 0.00347216
0.59 0.250814 0.00399254
0.61 0.251633 0.00286257
0.63 0.251008 0.00323226
0.65 0.252559 0.00336365
0.67 0.250447 0.0038853
0.69 0.257711 0.00405786
0.71 0.255426 0.0046628
0.73 0.249671 0.00276109
0.75 0.259995 0.00449291
0.77 0.252322 0.00499235
0.79 0.256698 0.00401322
0.81 0.258874 0.00356839
0.83 0.255555 0.003288
0.85 0.254046 0.00421266
0.87 0.25187 0.0040934
0.89 0.253098 0.00355819
0.91 0.257538 0.00322973
0.93 0.253572 0.00280172
0.95 0.257021 0.00383995
0.97 0.257495 0.00400067
0.99 0.258336 0.00293646
1.01 0.261375 0.00308869
1.03 0.255555 0.00374544
1.05 0.253077 0.00431438
1.07 0.257064 0.00375003
1.09 0.254434 0.00398504
1.11 0.259025 0.00408702
1.13 0.261181 0.00466851
1.15 0.261073 0.00281023
1.17 0.264004 0.00418036
1.19 0.262452 0.00351511
1.21 0.267474 0.00399826
1.23 0.265599 0.00386267
1.25 0.270254 0.00380624
1.27 0.262388 0.00366112
1.29 0.26353 0.00416999
1.31 0.258206 0.00413696
1.33 0.258896 0.004112
1.35 0.253486 0.00377438
1.37 0.25409 0.0051286
1.39 0.247494 0.00519285
1.41 0.243205 0.00441345
1.43 0.241632 0.0046296
1.45 0.238744 0.00475834
1.47 0.236696 0.0040084
1.49 0.235683 0.00312436
1.51 0.229088 0.00442301
1.53 0.228463 0.00285495
1.55 0.226049 0.00414251
1.57 0.220833 0.00450446
1.59 0.221738 0.00495828
1.61 0.213397 0.00554744
1.63 0.212535 0.00460647
1.65 0.209302 0.00448796
1.67 0.206802 0.00438211
1.69 0.201953 0.00532187
1.71 0.201069 0.00400093
1.73 0.195077 0.00426136
1.75 0.186068 0.00409217
1.77 0.180831 0.00248553
1.79 0.178611 0.00339272
1.81 0.170873 0.00382826
1.83 0.165248 0.00352909
1.85 0.158825 0.00273452
1.87 0.151777 0.00297291
1.89 0.147682 0.00351341
1.91 0.14335 0.00377893
1.93 0.14419 0.00317724
1.95 0.133069 0.00378257
1.97 0.126237 0.00285727
1.99 0.125073 0.00374978
2.01 0.123392 0.00436639
2.03 0.116279 0.0037115
2.05 0.109813 0.00397102
2.07 0.104813 0.00326887
2.09 0.0994676 0.00397243
2.11 0.0971614 0.00314386
2.13 0.0904153 0.00303323
2.15 0.0844451 0.00302065
2.17 0.0801776 0.00323412
2.19 0.0763842 0.00312254
2.21 0.0708235 0.00290865
2.23 0.0646162 0.00265303
2.25 0.0588184 0.00281307
2.27 0.053387 0.00220775
2.29 0.0524818 0.00232372
2.31 0.0469858 0.00213756
2.33 0.0431924 0.00199447
2.35 0.0380412 0.00176969
2.37 0.0362308 0.00190778
2.39 0.0342479 0.00180596
2.41 0.031877 0.00227821
2.43 0.0294847 0.00181901
2.45 0.0268552 0.00171536
2.47 0.0246999 0.0016057
2.49 0.0221997 0.00120215
2.51 0.0212945 0.00149958
2.53 0.0196133 0.00161821
2.55 0.018859 0.001496
2.57 0.0164235 0.00135559
2.59 0.0146777 0.0010813
2.61 0.0139664 0.00111344
2.63 0.0121775 0.0010318
2.65 0.010949 0.000889389
2.67 0.00922473 0.000894077
2.69 0.00829795 0.000910284
2.71 0.00683234 0.000590473
2.73 0.00646593 0.000758963
2.75 0.00601332 0.000809017
2.77 0.0048279 0.000613109
2.79 0.00478479 0.000527853
2.81 0.00357782 0.000436524
2.83 0.00342694 0.000416232
2.85 0.00260793 0.000408345
2.87 0.0024355 0.000409254
2.89 0.00213376 0.000378838
2.91 0.00165959 0.000339795
2.93 0.00148716 0.000257693
2.95 0.00114231 0.000248142
2.97 0.00107766 0.000289967
2.99 0.000797465 0.000175826
