-2.99 0.0893544 0.00406174
-2.97 0.0972597 0.00435247
-2.95 0.101647 0.00407342
-2.93 0.103338 0.00335158
-2.91 0.107086 0.00345926
-2.89 0.105144 0.00356709
-2.87 0.106401 0.00421521
-2.85 0.103773 0.00463328
-2.83 0.105669 0.00499632
-2.81 0.108183 0.00453872
-2.79 0.114559 0.00500715
-2.77 0.118535 0.00471881
-2.75 0.121689 0.00525126
-2.73 0.12843 0.0057665
-2.71 0.125939 0.00460048
-2.69 0.125917 0.00590339
-2.67 0.125185 0.00617555
-2.65 0.123791 0.00590806
-2.63 0.120592 0.00650537
-2.61 0.120295 0.00612065
-2.59 0.11705 0.00467217
-2.57 0.114856 0.00493274
-2.55 0.116067 0.00515628
-2.53 0.124431 0.00567124
-2.51 0.123403 0.00495385
-2.49 0.126236 0.00410982
-2.47 0.126762 0.00397162
-2.45 0.126305 0.00424713
-2.43 0.126762 0.00560133
-2.41 0.129253 0.00524028
-2.39 0.137023 0.00395506
-2.37 0.148152 0.00503844
-2.35 0.153042 0.00573993
-2.33 0.156264 0.00639727
-2.31 0.158504 0.0066881
-2.29 0.155739 0.00476666
-2.27 0.153179 0.00573729
-2.25 0.152517 0.00584593
-2.23 0.151625 0.00540011
-2.21 0.151968 0.00521019
-2.19 0.151763 0.00486186
-2.17 0.151717 0.00517388
-2.15 0.147695 0.00567662
-2.13 0.14886 0.00494447
-2.11 0.141799 0.00472993
-2.09 0.149523 0.00509903
-2.07 0.149546 0.00463082
-2.05 0.156127 0.00596726
-2.03 0.148906 0.00548729
-2.01 0.149752 0.00422061
-1.99 0.154116 0.00545914
-1.97 0.155899 0.00519065
-1.95 0.152494 0.00446695
-1.93 0.15791 0.00440968
-1.91 0.164377 0.00603054
-1.89 0.164217 0.0068313
-1.87 0.164994 0.00463233
-1.85 0.167302 0.0052287
-1.83 0.160995 0.00621861
-1.81 0.167256 0.0052264
-1.79 0.174684 0.00649197
-1.77 0.172832 0.00691791
-1.75 0.171027 0.0067763
-1.73 0.168788 0.00547724
-1.71 0.174615 0.0046663
-1.69 0.172078 0.00396322
-1.67 0.174341 0.00449262
-1.65 0.176375 0.00490947
-1.63 0.179391 0.00451408
-1.61 0.178431 0.00447199
-1.59 0.179871 0.00589019
-1.57 0.170844 0.00624983
-1.55 0.16296 0.00693557
-1.53 0.156882 0.0071553
-1.51 0.163829 0.00784795
-1.49 0.1652 0.00812526
-1.47 0.172124 0.00728166
-1.45 0.163509 0.00615267
-1.43 0.165977 0.00640774
-1.41 0.164149 0.00609728
-1.39 0.162663 0.00583285
-1.37 0.170913 0.00618024
-1.35 0.169313 0.00721393
-1.33 0.16897 0.00773107
-1.31 0.166754 0.00751932
-1.29 0.169085 0.0071807
-1.27 0.166799 0.00608023
-1.25 0.169907 0.00582273
-1.23 0.169725 0.00536016
-1.21 0.166617 0.00506946
-1.19 0.168193 0.00541481
-1.17 0.177174 0.00538892
-1.15 0.173038 0.00575684
-1.13 0.174181 0.00751081
-1.11 0.169633 0.00685436
-1.09 0.170524 0.00674496
-1.07 0.168308 0.006658
-1.05 0.165885 0.00641167
-1.03 0.167554 0.00435904
-1.01 0.168216 0.00364658
-0.99 0.173061 0.00391947
-0.97 0.16961 0.00468043
-0.95 0.173244 0.00592352
-0.93 0.176626 0.00491304
-0.91 0.176375 0.00484394
-0.89 0.177517 0.00455484
-0.87 0.174524 0.00539764
-0.85 0.167851 0.00491489
-0.83 0.163372 0.00447224
-0.81 0.168582 0.00471737
-0.79 0.16993 0.00478424
-0.77 0.171507 0.00281852
-0.75 0.169496 0.00438864
-0.73 0.160812 0.00603815
-0.71 0.16232 0.0055776
-0.69 0.169496 0.007469
-0.67 0.166845 0.00613776
-0.65 0.172078 0.00558258
-0.63 0.177289 0.00442061
-0.61 0.177243 0.00503059
-0.59 0.176329 0.00632079
-0.57 0.174432 0.00607446
-0.55 0.173632 0.00557063
-0.53 0.169565 0.0050468
-0.51 0.171644 0.00543708
-0.49 0.178591 0.00548541
-0.47 0.179437 0.00548718
-0.45 0.178294 0.00424795
-0.43 0.172284 0.0044406
-0.41 0.170044 0.00404151
-0.39 0.174935 0.00375
-0.37 0.176078 0.00432047
-0.35 0.178728 0.00438533
-0.33 0.177586 0.00564546
-0.31 0.178911 0.0057913
-0.29 0.177152 0.00491739
-0.27 0.175529 0.00500936
-0.25 0.17249 0.00467099
-0.23 0.168993 0.00391568
-0.21 0.172604 0.0037048
-0.19 0.177906 0.00466702
-0.17 0.172627 0.00529042
-0.15 0.164537 0.00600935
-0.13 0.167622 0.00522404
-0.11 0.164788 0.00483979
-0.09 0.163737 0.00415547
-0.07 0.170296 0.00512223
-0.05 0.16408 0.00449675
-0.03 0.163943 0.00513981
-0.01 0.168628 0.00529914
0.01 0.175598 0.00545933
0.03 0.177426 0.00520137
0.05 0.171918 0.00534338
0.07 0.16929 0.00533253
0.09 0.165657 0.0045314
0.11 0.161589 0.00445867
0.13 0.167097 0.00482444
0.15 0.171758 0.00594694
0.17 0.169953 0.00600224
0.19 0.166822 0.007487
0.21 0.160881 0.00519418
0.23 0.15791 0.00429631
0.25 0.155785 0.00294224
0.27 0.15775 0.0031299
0.29 0.160584 0.00505314
0.31 0.166 0.00636303
0.33 0.161749 0.00614307
0.35 0.164103 0.00528858
0.37 0.16945 0.00503726
0.39 0.171964 0.00527309
0.41 0.172764 0.00571081
0.43 0.168993 0.00458563
0.45 0.173609 0.0060612
0.47 0.17041 0.00442443
0.49 0.167531 0.00434982
0.51 0.165131 0.00474164
0.53 0.175826 0.00423923
0.55 0.177357 0.00523868
0.57 0.180991 0.00581601
0.59 0.179094 0.00419019
0.61 0.173335 0.00450451
0.63 0.180602 0.0043089
0.65 0.176078 0.00445954
0.67 0.171644 0.00334824
0.69 0.173038 0.00436945
0.71 0.171758 0.00514555
0.73 0.175438 0.00517012
0.75 0.173084 0.00556014
0.77 0.172307 0.00501223
0.79 0.170547 0.00505769
0.81 0.177471 0.00570157
0.83 0.172193 0.00558962
0.85 0.175118 0.00503544
0.87 0.171873 0.00643532
0.89 0.171621 0.00567232
0.91 0.173015 0.00544198
0.93 0.175666 0.00622871
0.95 0.179414 0.00592229
0.97 0.176786 0.00507802
0.99 0.177837 0.00471689
1.01 0.177631 0.00510056
1.03 0.180214 0.00676292
1.05 0.184739 0.00610168
1.07 0.177426 0.00568814
1.09 0.174592 0.00685403
1.11 0.169496 0.00509165
1.13 0.170959 0.00444389
1.15 0.167805 0.00416268
1.17 0.168582 0.00579561
1.19 0.177083 0.00472016
1.21 0.174386 0.0041211
1.23 0.183847 0.00557625
1.25 0.175049 0.00418055
1.27 0.171279 0.00509724
1.29 0.17297 0.0047451
1.31 0.166845 0.00393213
1.33 0.167782 0.00477695
1.35 0.172695 0.00591663
1.37 0.170319 0.00506831
1.39 0.17217 0.00575581
1.41 0.172055 0.00633563
1.43 0.167485 0.00558519
1.45 0.171576 0.00542698
1.47 0.165428 0.00592617
1.49 0.167119 0.00507686
1.51 0.166 0.00486166
1.53 0.164331 0.00590533
1.55 0.168422 0.0061109
1.57 0.162229 0.00463452
1.59 0.16312 0.00459314
1.61 0.160538 0.00497614
1.63 0.161498 0.00450363
1.65 0.163669 0.00506941
1.67 0.160835 0.00505827
1.69 0.160287 0.00493898
1.71 0.170844 0.0055553
1.73 0.166388 0.00596963
1.75 0.168262 0.00452342
1.77 0.163029 0.00454229
1.79 0.161063 0.00512947
1.81 0.160858 0.00578101
1.83 0.155373 0.00495612
1.85 0.146049 0.00396427
1.87 0.150917 0.00498607
1.89 0.152151 0.00617943
1.91 0.155213 0.00670158
1.93 0.163303 0.00617607
1.95 0.158755 0.00568765
1.97 0.169427 0.00735343
1.99 0.173998 0.00750102
2.01 0.17057 0.00651894
2.03 0.165588 0.00600075
2.05 0.15807 0.0046702
2.07 0.156287 0.00541524
2.09 0.154688 0.00526691
2.11 0.159327 0.00485874
2.13 0.158687 0.00667482
2.15 0.163486 0.00604419
2.17 0.156127 0.00527235
2.19 0.14902 0.00642542
2.21 0.144564 0.00673467
2.23 0.144016 0.00550234
2.25 0.142804 0.0053556
2.27 0.144221 0.0047757
2.29 0.144016 0.00609725
2.31 0.150574 0.00498868
2.33 0.15078 0.00514791
2.35 0.144975 0.00490838
2.37 0.141868 0.00422149
2.39 0.143216 0.00435135
2.41 0.145113 0.00436839
2.43 0.149432 0.00478794
2.45 0.138942 0.00485246
2.47 0.133252 0.00387945
2.49 0.130601 0.00405253
2.51 0.126602 0.00504649
2.53 0.131881 0.00555378
2.55 0.13524 0.00726496
2.57 0.129573 0.00701344
2.59 0.127013 0.00741403
2.61 0.124225 0.00609148
2.63 0.117187 0.00536358
2.65 0.116364 0.00449657
2.67 0.115107 0.00410647
2.69 0.118192 0.00512203
2.71 0.118855 0.00654923
2.73 0.11737 0.00617966
2.75 0.118718 0.00641927
2.77 0.108092 0.00568905
2.79 0.103864 0.00580287
2.81 0.10199 0.00474838
2.83 0.106035 0.00437215
2.85 0.105212 0.00407498
2.87 0.104824 0.00417446
2.89 0.0988365 0.00493493
2.91 0.0960942 0.00478558
2.93 0.0959114 0.00379683
2.95 0.0953172 0.00427143
2.97 0.0905182 0.00483094
2.99 0.0883244 0.00500074
