-0.300147   -0.465419   -0.0850346
0.0517872   0.458336   -0.132391
0.170295   -0.140275   0.264685
0.0998268   0.207618   0.480176
-0.0707761   -0.35816   0.420897
0.192087   -0.166761   0.11113
0.0471721   -0.230145   0.0194523
-0.255023   -0.188684   -0.303169
-0.0813207   0.282499   -0.0946801
-0.110006   0.270413   0.27135
0.0881443   -0.00925646   -0.12906
-0.0764965   -0.172853   0.368999
0.406414   0.0910481   0.484567
0.0645588   -0.473292   -0.255088
0.287413   0.254894   0.0206289
0.110837   -0.0137276   0.399135
0.117679   0.0861858   -0.422184
-0.0511153   -0.445471   -0.363717
-0.134607   0.0183459   -0.294089
0.391578   -0.44286   -0.337165
-0.188453   0.178953   -0.0343864
-0.394162   0.492304   -0.444633
-0.104868   -0.185226   0.100303
-0.461854   0.21192   0.105343
0.396217   -0.019523   -0.256102
-0.0727377   -0.00329923   -0.249626
0.151625   -0.344949   0.383216
0.258711   -0.156883   -0.377987
-0.166266   0.0409944   -0.396813
0.0363609   0.390708   0.0709136
0.391199   0.283009   0.211188
0.0340212   0.258023   0.456687
0.444959   -0.0691048   -0.155803
-0.0118522   0.397702   0.00769596
-0.496824   -0.237962   -0.130654
0.0328543   -0.239319   0.486347
0.214224   -0.0398273   0.101186
0.00212138   0.00115905   -0.182081
-0.266251   0.11531   0.379296
-0.355364   -0.320699   -0.200441
-0.166542   0.0773307   -0.474651
0.268422   -0.33367   0.457578
-0.0697142   -0.357747   -0.368781
0.138941   0.31932   0.135039
-0.293932   0.444457   0.0102833
-0.182683   0.111333   -0.334993
-0.0403187   -0.203428   0.0411071
0.0362727   0.247572   0.356112
-0.090866   -0.0436264   -0.173358
0.259294   -0.488771   -0.0594483
0.291194   -0.441287   0.373668
0.213846   -0.00396569   -0.116518
-0.466992   0.397402   0.156694
0.275421   0.332657   0.236121
-0.0392959   -0.25724   -0.464762
-0.0462598   0.49123   0.224365
-0.0642749   0.0639602   -0.168154
0.343062   -0.390358   -0.386075
0.354861   0.318531   0.32156
0.422643   0.421279   0.150378
-0.129337   0.478846   -0.0417111
-0.0416031   0.186006   0.166908
-0.122751   -0.00763579   0.0871503
0.0249254   -0.0408737   -0.440652
-0.440702   -0.234671   0.136852
0.443089   -0.237965   -0.428191
0.00671224   -0.0404759   0.366402
-0.237792   -0.218965   0.116085
-0.327447   0.24048   0.16287
-0.326379   -0.481137   -0.365767
-0.300764   0.139117   0.493587
0.363724   0.48488   -0.298147
-0.0993643   0.390501   0.119589
-0.347109   -0.234028   0.327096
0.232361   0.0506086   -0.0269092
0.297549   0.412357   0.237672
-0.400876   -0.389151   -0.290184
0.182135   -0.365706   -0.396882
0.253142   0.271874   -0.296904
0.144289   -0.440967   -0.360983
-0.426996   -0.279394   -0.160224
0.218848   0.297673   -0.0014283
-0.233033   -0.23932   -0.0756011
0.0309816   -0.33889   0.476167
0.0978852   0.334117   0.339918
-0.170101   -0.433864   -0.372573
0.062514   0.376522   0.162061
0.270819   0.342086   -0.0552882
0.0909809   -0.0825733   0.20231
-0.1557   -0.335455   0.339016
0.0829643   -0.00649386   0.316095
-0.492031   -0.458319   0.17323
0.389726   0.3727   -0.246028
-0.0437602   -0.0712528   -0.0536785
0.430916   0.415091   -0.104767
0.103133   0.32066   -0.0807766
0.158064   0.374392   -0.0179981
0.199764   0.0261074   0.41256
0.432812   -0.00319716   0.480742
-0.0534506   -0.426852   -0.1789
0.274094   -0.0846077   -0.14799
0.440694   -0.0902209   -0.397669
-0.130569   0.329865   -0.259949
-0.00542413   -0.0363342   0.445596
-0.1638   0.451275   -0.317829
-0.00225809   -0.234426   0.417452
0.333174   0.101769   -0.291628
-0.229529   0.154042   -0.390065
