42.4549
42.2665
42.8624
34.7091
39.4521
30.7458
47.5042
39.8282
46.3951
35.112
46.9079
33.883
45.5811
46.823
39.9919
36.957
44.9444
45.0791
43.669
35.895
42.046
40.2015
41.4741
42.9688
34.0629
43.4985
40.0938
39.4647
42.6807
35.1778
35.7753
39.9557
33.3774
40.3049
43.8682
30.4296
35.1129
41.4879
40.9009
29.2107
35.4074
34.6715
34.4817
35.6185
31.4144
33.2168
29.1761
25.9031
24.7175
30.6477
29.1704
27.277
25.0174
23.9558
19.0261
18.6391
16.7715
14.0232
15.6276
11.7641
10.6112
9.57755
10.1183
9.70775
11.3433
10.312
8.95663
7.71753
7.48758
7.20852
7.27831
7.33835
6.68952
6.57789
6.20127
6.20127
6.26096
6.26096
6.26096
6.25948
6.25948
6.25948
6.26096
6.26096
6.26096
6.26096
6.26096
6.28381
6.28381
6.28381
6.20127
6.20127
6.20127
6.20127
6.20127
6.20127
6.20127
6.20127
6.20127
6.20127
6.19979
6.19979
6.19979
6.19979
6.19979
6.19979
6.19979
6.19979
6.19979
6.19979
6.19979
6.20127
6.20127
6.20127
6.20127
6.20127
6.20127
6.20127
6.20127
6.20127
6.20127
6.20127
6.20127
6.19979
6.19979
6.19979
6.19979
6.19979
6.19979
6.19979
6.19979
6.19979
6.19979
6.19979
6.19979
6.19979
6.19979
6.19979
6.19979
6.19979
6.19979
6.19979
6.19979
6.19979
6.19979
6.19979
6.19979
6.19979
6.19979
6.19979
6.19979
6.19979
6.19979
6.19979
6.19979
6.19979
6.19979
6.19979
6.19979
6.19979
6.19979
6.19979
6.19979
6.19979
6.19979
6.19979
6.19979
6.19979
6.19979
6.19979
6.19979
6.19979
6.19979
6.19979
6.19979
6.19979
6.19979
6.19979
6.19979
6.19979
6.19979
6.19979
6.19979
6.19979
6.19979
6.19979
6.19979
6.19979
6.19979
6.19979
6.19979
6.19979
6.19979
6.19979
6.19979
6.19979
6.19979
6.19979
6.19979
6.19979
