18.2614
18.0836
18.1194
18.3996
16.4047
18.5623
18.902
15.957
16.8776
13.9452
19.1919
19.3705
17.0437
18.4985
16.1151
17.0882
18.9397
18.3946
18.8778
18.4869
15.0237
18.5975
17.1549
18.722
18.3482
17.9046
16.8402
16.1718
17.0625
17.2319
17.3576
14.1232
17.408
17.2953
18.0435
17.0179
18.1659
18.8296
16.6044
17.6632
17.0134
15.6975
17.3409
13.8987
16.2633
16.0155
16.0565
18.5425
14.375
14.5814
17.8341
13.343
13.6547
15.9242
14.2083
13.471
12.1722
13.5779
10.4122
12.6332
10.9168
9.66636
12.9468
8.65533
8.80083
8.76838
10.359
7.24772
7.16933
6.50678
6.77832
5.55485
5.87738
6.11578
5.85058
5.27303
5.08766
4.92334
4.90755
4.86303
4.73616
4.84655
4.81791
4.74467
4.74467
4.74467
4.73616
4.74467
4.7246
4.7246
4.7246
4.73311
4.74467
4.7246
4.7246
4.7246
4.7246
4.7246
4.7246
4.7246
4.7246
4.7246
4.7246
4.7246
4.7246
4.7246
4.7246
4.7246
4.7246
4.7246
4.7246
4.7246
4.7246
4.7246
4.7246
4.7246
4.7246
4.7246
4.7246
4.7246
4.7246
4.7246
4.7246
4.7246
4.7246
4.7246
4.7246
4.7246
4.7246
4.7246
4.7246
4.7246
4.7246
4.7246
4.7246
4.7246
4.7246
4.7246
4.7246
4.7246
4.7246
4.7246
4.7246
4.7246
4.7246
4.7246
4.7246
4.7246
4.7246
4.7246
4.7246
4.7246
4.7246
4.7246
4.7246
4.7246
4.7246
4.7246
4.7246
4.7246
4.7246
4.7246
4.7246
4.7246
4.7246
4.7246
4.7246
4.7246
4.7246
4.7246
4.7246
4.7246
4.7246
4.7246
4.7246
4.7246
4.7246
4.7246
4.7246
4.7246
4.7246
4.7246
4.7246
4.7246
4.7246
4.7246
4.7246
4.7246
4.7246
4.7246
4.7246
4.7246
4.7246
4.7246
4.7246
4.7246
4.7246
4.7246
4.7246
4.7246
