15.0528
15.0528
14.4921
14.1094
13.9824
13.8383
13.6227
13.082
12.9652
12.6967
12.3645
11.3956
11.3956
11.3956
11.2925
11.2925
10.7849
9.87537
9.87537
9.87537
9.87537
9.77228
9.77228
9.74983
9.51666
9.29724
8.89014
8.84135
8.72537
8.63078
8.63078
8.63078
8.63078
8.63078
8.63078
8.63078
8.63078
8.63078
8.52416
8.52416
8.52416
8.52416
8.52416
7.74202
7.74202
7.47654
7.47654
7.34667
7.34667
7.34667
6.74218
6.74218
6.74102
6.74102
6.74102
6.74102
6.74102
6.74102
6.74102
6.61937
6.61937
6.61937
6.61937
6.61937
6.61937
6.59046
6.59046
6.59046
6.57862
6.13438
6.13438
6.13438
6.13438
6.13438
6.13438
6.13438
6.13438
6.13438
6.13438
6.13438
6.13438
6.13438
6.13438
6.13438
6.13438
6.13438
6.13438
6.13438
6.13438
6.13438
6.13438
6.13438
6.13438
6.13438
6.13438
6.13438
6.13438
6.13438
6.13438
6.13438
6.0799
5.51285
5.51285
5.51285
5.51285
5.51285
5.51285
5.51285
5.51285
5.48501
5.48501
5.48501
5.48501
5.46239
5.43454
5.43454
5.43454
5.43454
5.43454
5.43454
5.29052
5.29052
5.29052
5.29052
5.29052
5.29052
5.29052
5.29052
5.29052
5.29052
5.29052
5.29052
5.29052
5.29052
5.29052
5.29052
5.29052
5.29052
5.29052
5.29052
5.29052
5.29052
5.25009
5.25009
5.18115
5.18115
5.18115
5.18115
5.18115
5.18115
5.02492
5.02492
5.02492
5.02492
5.02492
5.02492
5.02492
5.02492
5.02492
5.02492
5.02492
5.00853
5.00853
5.00853
5.00853
5.00853
5.00853
5.00853
5.00853
5.00853
5.00853
5.00853
5.00853
5.00853
5.00853
5.00853
5.00853
5.00853
5.00853
4.99697
4.99697
4.99697
4.99697
4.99697
4.99697
4.99697
4.99697
4.99697
4.99697
4.99697
4.99697
4.99697
4.99697
4.99697
4.99697
4.99697
4.99697
4.99697
4.99697
4.99697
4.99697
4.964
4.964
4.964
4.964
4.964
4.91538
4.91538
4.91538
4.91538
4.91538
4.91538
4.91538
4.91538
4.91538
4.91538
4.91538
4.91538
4.91538
4.91538
4.91538
4.91538
4.91538
4.91538
4.91538
4.91538
4.91538
4.91538
4.91538
4.91538
4.91538
4.91538
4.91538
4.91538
4.91538
4.91538
4.91538
4.91538
4.91538
4.91538
4.91538
4.91538
4.91538
4.91538
4.91538
4.91538
4.91538
4.91538
4.91538
4.91538
4.91538
4.91538
4.91538
4.91538
4.91538
4.91538
4.82724
4.81112
4.81112
4.81112
4.81112
4.81112
4.81112
4.81112
4.81112
4.81112
4.81112
4.81112
4.81112
4.81112
4.81112
4.81112
4.81112
4.81112
4.81112
4.81112
4.81112
4.81112
4.81112
4.81112
4.81112
4.81112
4.81112
4.81112
4.81112
4.81112
4.81112
4.81112
4.81112
4.81112
4.81112
4.81112
4.81112
4.81112
4.81112
4.81112
4.81112
4.81112
4.81112
4.81112
4.81112
4.81112
4.81112
4.81112
4.81112
4.81112
4.81112
4.81112
4.81112
4.81112
4.81112
4.81112
4.81112
4.81112
4.81112
4.81112
4.81112
4.81112
4.81112
4.81112
4.81112
4.81112
4.81112
4.81112
4.81112
4.81112
4.81112
4.81112
4.81112
4.81112
4.81112
4.81112
4.81112
4.81112
4.81112
4.81112
4.81112
4.81112
4.81112
4.81112
4.81112
4.81112
4.81112
4.81112
4.81112
4.81112
4.81112
4.81112
4.81112
4.81112
4.7246
4.7246
4.7246
4.7246
4.7246
4.7246
4.7246
4.7246
4.7246
4.7246
4.7246
4.7246
4.7246
4.7246
4.7246
4.7246
4.7246
4.7246
4.7246
4.7246
4.7246
4.7246
4.7246
4.7246
4.7246
4.7246
4.7246
4.7246
4.7246
4.7246
4.7246
4.7246
4.7246
4.7246
4.7246
4.7246
4.7246
4.7246
4.7246
4.7246
4.7246
4.7246
4.7246
4.7246
4.7246
4.7246
4.7246
4.7246
4.7246
4.7246
4.7246
4.7246
4.7246
4.7246
4.7246
4.7246
4.7246
4.7246
4.7246
4.7246
4.7246
4.7246
4.7246
4.7246
4.7246
4.7246
4.7246
4.7246
4.7246
4.7246
4.7246
4.7246
4.7246
4.7246
4.7246
4.7246
4.7246
4.7246
4.7246
4.7246
4.7246
4.7246
4.7246
4.7246
4.7246
4.7246
4.7246
4.7246
4.7246
4.7246
4.7246
4.7246
4.7246
4.7246
4.7246
4.7246
4.7246
4.7246
4.7246
4.7246
4.7246
4.7246
4.7246
4.7246
4.7246
4.7246
4.7246
4.7246
4.7246
4.7246
4.7246
4.7246
4.7246
4.7246
4.7246
4.7246
4.7246
4.7246
4.7246
4.7246
4.7246
4.7246
4.7246
4.7246
4.7246
4.7246
4.7246
4.7246
4.7246
4.7246
4.7246
4.7246
4.7246
4.7246
4.7246
4.7246
4.7246
4.7246
4.7246
4.7246
4.7246
4.7246
4.7246
4.7246
4.7246
4.7246
4.7246
4.7246
4.7246
4.7246
4.7246
4.7246
4.7246
4.7246
4.7246
4.7246
4.7246
4.7246
4.7246
4.7246
4.7246
4.7246
4.7246
4.7246
4.7246
4.7246
4.7246
4.7246
4.7246
4.7246
4.7246
4.7246
4.7246
4.7246
4.7246
4.7246
4.7246
4.7246
4.7246
4.7246
4.7246
4.7246
4.7246
4.7246
4.7246
4.7246
4.7246
4.7246
4.7246
4.7246
4.7246
4.7246
4.7246
4.7246
4.7246
4.7246
4.7246
4.7246
4.7246
4.7246
4.7246
4.7246
4.7246
4.7246
4.7246
4.7246
4.7246
4.7246
4.7246
4.7246
4.7246
4.7246
4.7246
4.7246
4.7246
4.7246
4.7246
4.7246
4.7246
4.7246
4.7246
4.7246
4.7246
4.7246
4.7246
4.7246
4.7246
4.7246
4.7246
4.7246
4.7246
4.7246
4.7246
4.7246
4.7246
4.7246
4.7246
4.7246
4.7246
4.7246
4.7246
4.7246
4.7246
4.7246
4.7246
4.7246
4.7246
4.7246
4.7246
4.7246
4.7246
4.7246
4.7246
4.7246
4.7246
4.7246
4.7246
4.7246
4.7246
4.7246
4.7246
4.7246
4.7246
4.7246
4.7246
4.7246
4.7246
4.7246
4.7246
4.7246
4.7246
4.7246
4.7246
4.7246
4.7246
4.7246
4.7246
4.7246
4.7246
4.7246
4.7246
4.7246
4.7246
4.7246
4.7246
4.7246
4.7246
4.7246
4.7246
4.7246
4.7246
4.7246
4.7246
4.7246
4.7246
4.7246
4.7246
4.7246
4.7246
4.7246
4.7246
4.7246
4.7246
4.7246
4.7246
4.7246
4.7246
4.7246
4.7246
4.7246
4.7246
4.7246
4.7246
4.7246
4.7246
4.7246
4.7246
4.7246
4.7246
4.7246
4.7246
4.7246
4.7246
4.7246
4.7246
4.7246
4.7246
4.7246
4.7246
4.7246
4.7246
4.7246
4.7246
4.7246
4.7246
4.7246
4.7246
4.7246
4.7246
4.7246
4.7246
4.7246
4.7246
4.7246
4.7246
4.7246
4.7246
4.7246
4.7246
4.7246
4.7246
4.7246
4.7246
4.7246
4.7246
4.7246
4.7246
4.7246
4.7246
4.7246
4.7246
4.7246
4.7246
4.7246
4.7246
4.7246
4.7246
4.7246
4.7246
4.7246
4.7246
4.7246
4.7246
4.7246
4.7246
4.7246
4.7246
4.7246
4.7246
4.7246
4.7246
4.7246
4.7246
4.7246
4.7246
4.7246
4.7246
4.7246
4.7246
4.7246
4.7246
4.7246
4.7246
4.7246
4.7246
4.7246
4.7246
4.7246
4.7246
4.7246
4.7246
4.7246
4.7246
4.7246
4.7246
4.7246
4.7246
4.7246
4.7246
4.7246
4.7246
4.7246
4.7246
4.7246
4.7246
4.7246
4.7246
4.7246
4.7246
4.7246
4.7246
4.7246
4.7246
4.7246
4.7246
4.7246
4.7246
4.7246
4.7246
4.7246
4.7246
4.7246
4.7246
4.7246
4.7246
4.7246
4.7246
4.7246
4.7246
4.7246
4.7246
4.7246
4.7246
4.7246
4.7246
4.7246
4.7246
4.7246
4.7246
4.7246
4.7246
4.7246
4.7246
4.7246
4.7246
4.7246
4.7246
4.7246
4.7246
4.7246
4.7246
4.7246
4.7246
4.7246
4.7246
4.7246
4.7246
4.7246
4.7246
4.7246
4.7246
4.7246
4.7246
4.7246
4.7246
4.7246
4.7246
4.7246
4.7246
4.7246
4.7246
4.7246
4.7246
4.7246
4.7246
4.7246
4.7246
4.7246
4.7246
4.7246
4.7246
4.7246
4.7246
4.7246
4.7246
4.7246
4.7246
4.7246
4.7246
4.7246
4.7246
4.7246
4.7246
4.7246
4.7246
4.7246
4.7246
4.7246
4.7246
4.7246
4.7246
4.7246
4.7246
4.7246
4.7246
4.7246
4.7246
4.7246
4.7246
4.7246
4.7246
4.7246
4.7246
4.7246
4.7246
4.7246
4.7246
4.7246
4.7246
4.7246
4.7246
4.7246
4.7246
4.7246
4.7246
4.7246
4.7246
4.7246
4.7246
4.7246
4.7246
4.7246
4.7246
4.7246
4.7246
4.7246
4.7246
4.7246
4.7246
4.7246
4.7246
4.7246
4.7246
4.7246
4.7246
4.7246
4.7246
4.7246
4.7246
4.7246
4.7246
4.7246
4.7246
4.7246
4.7246
4.7246
4.7246
4.7246
4.7246
4.7246
4.7246
4.7246
4.7246
4.7246
4.7246
4.7246
4.7246
4.7246
4.7246
4.7246
4.7246
4.7246
4.7246
4.7246
4.7246
4.7246
4.7246
4.7246
4.7246
4.7246
4.7246
4.7246
4.7246
4.7246
4.7246
4.7246
4.7246
4.7246
4.7246
4.7246
4.7246
4.7246
4.7246
4.7246
4.7246
4.7246
4.7246
4.7246
4.7246
4.7246
4.7246
4.7246
4.7246
4.7246
4.7246
4.7246
4.7246
4.7246
4.7246
4.7246
4.7246
4.7246
4.7246
4.7246
4.7246
4.7246
4.7246
4.7246
4.7246
4.7246
4.7246
4.7246
4.7246
4.7246
4.7246
4.7246
4.7246
4.7246
4.7246
4.7246
4.7246
4.7246
4.7246
4.7246
4.7246
4.7246
4.7246
4.7246
4.7246
4.7246
