-0.499703   0.484393   -0.492338
-0.315082   -0.347677   0.496201
0.495199   -0.33211   -0.35119
-0.330676   0.474688   -0.346454
-0.162043   0.485988   -0.491878
-0.00451252   -0.344926   -0.472234
-0.177091   -0.342345   -0.323709
-0.0118479   0.487872   -0.338025
0.15573   -0.498223   0.498444
0.338018   -0.331901   0.495921
0.171506   -0.338533   -0.34406
0.321243   -0.495121   -0.323108
-0.484175   -0.172147   0.493036
-0.322879   -0.00871206   0.478188
-0.498903   -0.0265832   -0.340682
-0.325489   -0.178855   -0.360341
-0.149269   -0.170406   0.48477
0.000644533   -0.0106679   0.499619
-0.163648   -0.00561419   -0.33301
0.0117328   -0.160537   -0.340993
0.167155   -0.171413   0.487755
0.338593   -0.0318723   0.494219
0.180935   -0.00389124   -0.34277
0.327238   -0.178371   -0.335182
0.491481   0.148415   0.496756
-0.344018   0.31655   -0.495705
0.494949   0.33552   -0.319852
-0.349066   0.150915   -0.328229
-0.183134   0.166091   -0.49968
-0.0181405   0.329779   0.498214
-0.176035   0.313385   -0.312983
0.00460526   0.161764   -0.315768
0.185514   0.15348   0.49996
0.343971   0.328762   -0.475707
0.184049   0.306827   -0.352536
0.346229   0.144311   -0.316351
0.49989   -0.477143   -0.181977
-0.338367   -0.339706   -0.169318
-0.498185   -0.335269   -0.0164043
-0.318927   -0.492048   -0.00401379
-0.175824   -0.498155   -0.164762
-0.00517901   -0.351084   -0.175906
-0.164651   -0.329472   0.00138813
0.000330901   -0.498323   0.00301817
0.147473   0.473536   -0.182687
0.319123   -0.345126   -0.171401
0.163332   -0.343624   -0.00360195
0.336724   -0.491343   -0.00564645
-0.490218   -0.175396   -0.181989
-0.342047   -0.0063807   -0.184508
-0.493697   -0.00932139   -0.00449574
-0.33525   -0.173281   0.0105608
-0.19861   -0.172802   -0.173139
-0.0146276   -0.0116757   -0.175712
-0.154583   -0.00629654   -0.000200426
-0.00108662   -0.164179   -0.0189114
0.168216   -0.168239   -0.164285
0.322959   -0.0120152   -0.169611
0.161185   0.0113248   -0.0139226
0.337321   -0.165589   -0.00723767
-0.497687   0.162844   -0.155397
-0.331119   0.335655   -0.164111
0.497993   0.358714   0.00850847
-0.325746   0.171909   -3.91867e-05
-0.164149   0.152558   -0.173264
0.00193068   0.330429   -0.162534
-0.169614   0.335617   0.00114855
-0.0148162   0.167293   -0.00212642
0.177126   0.170716   -0.151433
0.345606   0.323629   -0.141842
0.175454   0.349901   0.00634585
0.34163   0.151751   -0.00254608
-0.484944   -0.489063   0.173704
-0.333326   -0.329699   0.167383
-0.480951   -0.340292   0.332438
-0.325182   -0.499446   0.330498
-0.176388   -0.498854   0.166044
-0.00686502   -0.351372   0.16014
-0.153345   -0.340668   0.342596
0.00926184   0.487627   0.328304
0.167689   0.495053   0.160975
0.320403   -0.34925   0.15599
0.155812   -0.338703   0.321701
0.338555   -0.493391   0.337642
-0.489007   -0.155514   0.152244
-0.32482   -0.0103511   0.156901
0.497218   -0.0105651   0.34183
-0.31363   -0.173875   0.328707
-0.161247   -0.157407   0.161494
0.0129287   -0.0083349   0.16339
-0.167851   -0.00500988   0.330325
0.00315113   -0.176458   0.313905
0.146704   -0.165123   0.147601
0.327964   -0.00768303   0.176774
0.162708   -0.00434588   0.340404
0.348395   -0.189959   0.301704
-0.48841   0.157555   0.174805
-0.316739   0.313817   0.171318
0.498954   0.314219   0.346802
-0.326901   0.167902   0.328436
-0.172083   0.144381   0.164664
0.0100421   0.342638   0.16015
-0.174511   0.331401   0.340515
0.00904387   0.158022   0.354622
0.147414   0.175905   0.176096
0.3153   0.335099   0.171493
0.15894   0.316197   0.35494
0.326241   0.165621   0.325
