-0.499766   0.484306   -0.492389
-0.315055   -0.347676   0.496297
0.495139   -0.332256   -0.351135
-0.330734   0.474763   -0.346346
-0.162087   0.485946   -0.491835
-0.00459953   -0.344881   -0.472329
-0.177109   -0.342416   -0.323704
-0.0118062   0.487912   -0.337909
0.155759   -0.498211   0.498456
0.338052   -0.332007   0.495875
0.171588   -0.338553   -0.344224
0.321314   -0.49511   -0.323057
-0.48407   -0.172117   0.492953
-0.322739   -0.00891149   0.478161
-0.498878   -0.0265377   -0.340694
-0.325539   -0.178898   -0.360109
-0.149418   -0.170318   0.484624
0.000697252   -0.0106787   0.499506
-0.163623   -0.00548924   -0.333028
0.011689   -0.160558   -0.340943
0.16726   -0.171281   0.487764
0.338578   -0.0319394   0.494211
0.181012   -0.0039362   -0.342712
0.327376   -0.178489   -0.335326
0.491481   0.148346   0.496586
-0.344128   0.316501   -0.495767
0.4949   0.335635   -0.319903
-0.349054   0.151078   -0.328323
-0.183052   0.166275   -0.499644
-0.0181171   0.329864   0.498237
-0.176127   0.313317   -0.313079
0.00457153   0.161805   -0.315883
0.185401   0.1535   -0.499961
0.343965   0.328746   -0.475652
0.184124   0.306778   -0.352567
0.346218   0.1443   -0.316279
0.499719   -0.47715   -0.181908
-0.338266   -0.339758   -0.169284
-0.498331   -0.334938   -0.0162994
-0.319086   -0.492081   -0.00390941
-0.175777   -0.498281   -0.164845
-0.00520012   -0.351056   -0.175853
-0.164643   -0.329429   0.00137697
0.000303296   -0.498453   0.00288859
0.147551   0.473534   -0.182752
0.319033   -0.345163   -0.171494
0.163378   -0.343579   -0.00359027
0.336708   -0.491143   -0.00574003
-0.490255   -0.175385   -0.182097
-0.342008   -0.00625726   -0.18455
-0.493759   -0.0093602   -0.00436654
-0.335195   -0.173275   0.010548
-0.19869   -0.172678   -0.173326
-0.0146724   -0.0117686   -0.175756
-0.154621   -0.00638522   -1.86617e-05
-0.00106168   -0.164204   -0.0188279
0.168299   -0.168161   -0.164235
0.323042   -0.0119429   -0.169611
0.161364   0.0112657   -0.0137526
0.337397   -0.16547   -0.00711188
-0.497852   0.162838   -0.155267
-0.330972   0.335504   -0.164129
0.49809   0.358751   0.00852915
-0.325557   0.171861   5.93531e-05
-0.164079   0.152564   -0.173224
0.00208907   0.330404   -0.162574
-0.169708   0.335544   0.0011398
-0.0148481   0.167492   -0.00215566
0.177207   0.170699   -0.151363
0.345464   0.323584   -0.142091
0.175417   0.349849   0.00643517
0.341406   0.151895   -0.00249173
-0.484926   -0.488966   0.173909
-0.333375   -0.329475   0.167571
-0.48112   -0.340459   0.332483
-0.325107   -0.499455   0.330595
-0.176414   -0.498722   0.165973
-0.00687079   -0.351283   0.160142
-0.153616   -0.340646   0.342544
0.0092507   0.487762   0.328293
0.167635   0.494972   0.161017
0.320321   -0.349239   0.155956
0.155871   -0.338743   0.321653
0.338466   -0.493249   0.33761
-0.488963   -0.155681   0.152286
-0.324657   -0.0104598   0.156765
0.497198   -0.0107045   0.341827
-0.313697   -0.173772   0.328671
-0.161126   -0.157518   0.161506
0.0129818   -0.00852363   0.163446
-0.167837   -0.00493155   0.330327
0.00321552   -0.176379   0.313896
0.146771   -0.165   0.147453
0.328009   -0.00767131   0.176826
0.162543   -0.00433494   0.34061
0.348612   -0.190076   0.301651
-0.48828   0.157419   0.174911
-0.316706   0.313847   0.171196
0.498793   0.314078   0.346927
-0.326821   0.167988   0.32837
-0.172092   0.144334   0.164553
0.0101001   0.342599   0.160143
-0.174569   0.331334   0.340399
0.00910903   0.158011   0.354595
0.147345   0.175733   0.176179
0.315333   0.33508   0.171543
0.158768   0.316165   0.354742
0.32625   0.165616   0.324992
