1.89852
1.89337
1.88421
1.87038
1.85093
1.82456
1.78963
1.74432
1.68693
1.61631
1.53251
1.43759
1.3362
1.23551
1.1439
1.06889
1.01512
0.983574
0.97207
0.976423
0.991664
1.01289
1.03585
1.05723
1.07486
1.08776
1.09603
1.10065
1.10303
1.10453
1.1059
1.10712
1.10745
1.10563
1.10027
1.09027
1.07535
1.05651
1.03587
1.01607
0.999271
0.986512
0.977769
0.972631
0.970912
0.972788
0.978415
0.98745
0.998875
1.0111
1.02232
1.03091
1.03573
1.03619
1.03239
1.02529
1.01656
1.00823
1.00194
0.998377
0.997395
0.99854
1.00142
1.00572
1.01101
1.01652
1.02122
1.02414
1.02486
1.02382
1.02236
1.02212
1.02433
1.02926
1.03617
1.0437
1.05039
1.05528
1.05826
1.05995
1.06121
1.06239
1.06311
1.06253
1.06029
1.05695
1.05361
1.05128
1.05046
1.05118
1.05325
1.05626
1.0597
1.06288
1.06503
1.0655
1.0638
1.05967
1.05307
1.0441
1.88034
1.84517
1.79551
1.73348
1.66387
1.59464
1.53544
1.49516
1.47963
1.48866
1.51491
1.54812
1.58015
1.60626
1.62431
1.63395
1.63613
1.6327
1.62644
1.62052
1.61703
1.6155
1.61367
1.61013
1.60589
1.60389
1.60735
1.61827
1.63675
1.66089
1.68738
1.7121
1.73097
1.74065
1.7393
1.72742
1.70851
1.68832
1.67196
1.66034
1.64999
1.63703
1.62046
1.60258
1.58745
1.5788
1.57816
1.58437
1.59431
1.60448
1.61258
1.61855
1.62408
1.63043
1.63624
1.63741
1.62952
1.6108
1.5841
1.55733
1.54041
1.53761
1.54319
1.5483
1.5504
1.55424
1.56557
1.5849
1.60725
1.62726
1.64293
1.65547
1.66658
1.67624
1.68225
1.68183
1.67367
1.65875
1.64022
1.62244
1.60967
1.60487
1.60876
1.61939
1.63244
1.64215
1.64272
1.63036
1.60521
1.57232
1.54019
1.51735
1.50871
1.51425
1.53043
1.55235
1.57547
1.59625
1.61214
1.62207
1.90297
1.90156
1.9011
1.90486
1.91221
1.92053
1.92783
1.93397
1.93989
1.94554
1.94827
1.94379
1.92963
1.90797
1.88459
1.86431
1.84791
1.83424
1.82373
1.81787
1.8158
1.81305
1.80438
1.78823
1.76897
1.75538
1.75538
1.7703
1.79352
1.81504
1.82768
1.82969
1.82314
1.81186
1.80027
1.79232
1.79031
1.79403
1.80032
1.80413
1.80156
1.79256
1.78073
1.77077
1.76692
1.77259
1.78856
1.81131
1.83503
1.85553
1.87156
1.88363
1.89246
1.89779
1.8984
1.89327
1.88294
1.87008
1.85852
1.85138
1.84932
1.85061
1.85296
1.85482
1.85506
1.8522
1.84456
1.83149
1.8144
1.79661
1.78162
1.77109
1.76489
1.76272
1.76503
1.77249
1.7849
1.80108
1.81928
1.83742
1.85297
1.86283
1.864
1.8547
1.83553
1.81007
1.78451
1.76573
1.7585
1.7636
1.77823
1.79809
1.81932
1.84016
1.86311
1.89293
1.92767
1.9561
1.96804
1.96149
1.87939
1.85139
1.82247
1.7972
1.77894
1.76901
1.76564
1.76453
1.76176
1.75582
1.74762
1.73931
1.73311
1.73049
1.73141
1.73438
1.73757
1.73956
1.73911
1.73503
1.72723
1.71812
1.71165
1.70983
1.71149
1.71472
1.71854
1.72187
1.72234
1.71706
1.70502
1.69007
1.68178
1.6899
1.71484
1.74638
1.77313
1.78997
1.79783
1.80065
1.8028
1.80744
1.81579
1.82689
1.83747
1.84275
1.83864
1.82406
1.80188
1.77831
1.76089
1.75502
1.76053
1.77157
1.78058
1.78272
1.77778
1.76936
1.76288
1.76297
1.77131
1.78583
1.80157
1.81242
1.81376
1.80526
1.79194
1.78141
1.77857
1.78288
1.79029
1.7967
1.79944
1.79692
1.78796
1.77172
1.74776
1.71668
1.68184
1.65139
1.63693
1.64668
1.67887
1.72313
1.76789
1.806
1.83515
1.85538
1.86741
1.87228
1.87113
1.86467
1.85342
1.8385
1.82164
1.8045
1.78852
1.77552
1.76765
1.76651
1.9053
1.91418
1.92468
1.93481
1.94292
1.94813
1.9505
1.9504
1.9479
1.94278
1.93469
1.92318
1.90749
1.88681
1.86147
1.83378
1.80713
1.78381
1.76414
1.74724
1.73219
1.71887
1.70839
1.70241
1.70136
1.70312
1.70421
1.70215
1.69755
1.69461
1.69978
1.71901
1.75387
1.79999
1.84972
1.89635
1.93566
1.96539
1.98414
1.99152
1.9889
1.97983
1.96925
1.96186
1.9607
1.96616
1.97538
1.9823
1.97958
1.96301
1.93614
1.90922
1.88909
1.87315
1.85699
1.84218
1.83485
1.83949
1.8543
1.87124
1.8803
1.87406
1.84964
1.80903
1.75971
1.7142
1.6856
1.68101
1.69975
1.73618
1.78234
1.8299
1.87211
1.90511
1.92765
1.94015
1.94391
1.94065
1.93198
1.91914
1.90315
1.88541
1.86777
1.85146
1.83572
1.81798
1.79672
1.7754
1.76153
1.75895
1.76385
1.77014
1.77439
1.77583
1.77595
1.77814
1.78575
1.79975
1.8183
1.83748
