-6.36253
-6.3548
-6.34106
-6.31926
-6.28677
-6.24207
-6.1862
-6.11507
-6.02672
-5.92019
-5.79419
-5.65059
-5.49911
-5.34912
-5.21276
-5.10069
-5.02094
-4.97484
-4.95865
-4.96533
-4.99001
-5.02126
-5.05554
-5.08806
-5.11466
-5.13417
-5.14641
-5.15243
-5.15632
-5.15886
-5.15985
-5.16124
-5.16173
-5.1587
-5.15082
-5.13596
-5.11359
-5.08578
-5.05466
-5.02526
-5.00097
-4.98093
-4.96796
-4.96116
-4.95919
-4.962
-4.97014
-4.98309
-4.99963
-5.01751
-5.03419
-5.04663
-5.05341
-5.05424
-5.04915
-5.03759
-5.02479
-5.0117
-5.00241
-4.99691
-4.99574
-4.99776
-5.00223
-5.00822
-5.01556
-5.02337
-5.02952
-5.033
-5.03467
-5.03343
-5.03093
-5.02981
-5.03206
-5.03855
-5.04907
-5.06113
-5.07147
-5.0782
-5.08297
-5.08656
-5.08829
-5.08795
-5.09009
-5.08876
-5.08511
-5.08054
-5.07569
-5.07204
-5.07216
-5.07295
-5.0762
-5.08027
-5.08497
-5.08989
-5.09357
-5.09352
-5.09097
-5.08402
-5.07473
-5.06112
-5.0301
-4.97613
-4.90241
-4.8089
-4.70433
-4.59988
-4.51182
-4.45109
-4.4281
-4.44135
-4.48118
-4.53131
-4.58027
-4.61883
-4.645
-4.65885
-4.66166
-4.65621
-4.64773
-4.64006
-4.63573
-4.63388
-4.63009
-4.62356
-4.61751
-4.61526
-4.61983
-4.63743
-4.6653
-4.70151
-4.74109
-4.77864
-4.80875
-4.82237
-4.82019
-4.80223
-4.77492
-4.74538
-4.72129
-4.70281
-4.68713
-4.66724
-4.64147
-4.6145
-4.59272
-4.57988
-4.57908
-4.59065
-4.60558
-4.6219
-4.63359
-4.64163
-4.65008
-4.66006
-4.66878
-4.67114
-4.65931
-4.63031
-4.59011
-4.54934
-4.52335
-4.51947
-4.52738
-4.5343
-4.537
-4.54274
-4.56004
-4.58798
-4.62
-4.64866
-4.67277
-4.69187
-4.70854
-4.72167
-4.73054
-4.73128
-4.71978
-4.69711
-4.66901
-4.64293
-4.62543
-4.61899
-4.62498
-4.64093
-4.66142
-4.67432
-4.67458
-4.65649
-4.61831
-4.56851
-4.52061
-4.4856
-4.47157
-4.48064
-4.50462
-4.53689
-4.57144
-4.60321
-4.62554
-4.64072
-4.64795
-4.64552
-4.64347
-4.65031
-4.66074
-4.67321
-4.68371
-4.69308
-4.70226
-4.71074
-4.71454
-4.70781
-4.68688
-4.65453
-4.61915
-4.58844
-4.56278
-4.54287
-4.52756
-4.51999
-4.51583
-4.51307
-4.49886
-4.47493
-4.44724
-4.42715
-4.42684
-4.44907
-4.48376
-4.5156
-4.53563
-4.53848
-4.52865
-4.51233
-4.49479
-4.48332
-4.48076
-4.4871
-4.49684
-4.50105
-4.49583
-4.48203
-4.46337
-4.44918
-4.4431
-4.45175
-4.47632
-4.51044
-4.54663
-4.57769
-4.60248
-4.6215
-4.6361
-4.64395
-4.64546
-4.63746
-4.62122
-4.60207
-4.58579
-4.57568
-4.57198
-4.57257
-4.57594
-4.57963
-4.57985
-4.57616
-4.56364
-4.54419
-4.51961
-4.49308
-4.46878
-4.45207
-4.44383
-4.44042
-4.44329
-4.45387
-4.47233
-4.49569
-4.52209
-4.55037
-4.57354
-4.58879
-4.59084
-4.5769
-4.54663
-4.50798
-4.47008
-4.44236
-4.43137
-4.43918
-4.46097
-4.49228
-4.52382
-4.55569
-4.5904
-4.63514
-4.6874
-4.72976
-4.74783
-4.73784
-4.7028
-4.66125
-4.61726
-4.57996
-4.55211
-4.53768
-4.53292
-4.53278
-4.52877
-4.5188
-4.50726
-4.49585
-4.48775
-4.48367
-4.48444
-4.4892
-4.49339
-4.49516
-4.49433
-4.48687
-4.47455
-4.46088
-4.45088
-4.44785
-4.45108
-4.45488
-4.46077
-4.46621
-4.46677
-4.45901
-4.44184
-4.41957
-4.40742
-4.41975
-4.45657
-4.50237
-4.54175
-4.5661
-4.57759
-4.58317
-4.58685
-4.59275
-4.60482
-4.62132
-4.63705
-4.64407
-4.63638
-4.61512
-4.58094
-4.54648
-4.5205
-4.51245
-4.52071
-4.53804
-4.55216
-4.55689
-4.55038
-4.53654
-4.52726
-4.52664
-4.53945
-4.56138
-4.58395
-4.60008
-4.60224
-4.58858
-4.56859
-4.55158
-4.54809
-4.55576
-4.56763
-4.57892
-4.58378
-4.57969
-4.56671
-4.5431
-4.50731
-4.4604
-4.40858
-4.36364
-4.3427
-4.35793
-4.40532
-4.47021
-4.53827
-4.59512
-4.63885
-4.66829
-4.68602
-4.69272
-4.6907
-4.68085
-4.66488
-4.64235
-4.61767
-4.5927
-4.56889
-4.54879
-4.53653
-4.53346
-4.54136
-4.55468
-4.57043
-4.5876
-4.60021
-4.60667
-4.61052
-4.61082
-4.60753
-4.59834
-4.58802
-4.57257
-4.54994
-4.51923
-4.48121
-4.43983
-4.39984
-4.36396
-4.33416
-4.30926
-4.28532
-4.26579
-4.24765
-4.23733
-4.23726
-4.23901
-4.24095
-4.2377
-4.23171
-4.22834
-4.2367
-4.26509
-4.31617
-4.38702
-4.46117
-4.53051
-4.58872
-4.63181
-4.65872
-4.66995
-4.6657
-4.65119
-4.63425
-4.62438
-4.62234
-4.62947
-4.64437
-4.65446
-4.65113
-4.62688
-4.58521
-4.54497
-4.51538
-4.49223
-4.46784
-4.44592
-4.43567
-4.44249
-4.46501
-4.49133
-4.50342
-4.49391
-4.45834
-4.39864
-4.32433
-4.25727
-4.21466
-4.20732
-4.23544
-4.28979
-4.35919
-4.43038
-4.49415
-4.54381
-4.57762
-4.59605
-4.60201
-4.5962
-4.58245
-4.56394
-4.53889
-4.51198
-4.48673
-4.46167
-4.43746
-4.41024
-4.37881
-4.34621
-4.32691
-4.3229
-4.33024
-4.33954
-4.34607
-4.34898
-4.3487
-4.35107
-4.36098
-4.38244
-4.41026
-4.4395
