-3.51475
-3.51475
-3.51475
-3.51369
-3.51037
-3.50524
-3.50176
-3.4986
-3.49633
-3.49573
-3.49543
-3.49421
-3.49481
-3.49586
-3.49691
-3.49736
-3.49827
-3.49948
-3.50054
-3.5007
-3.50251
-3.50191
-3.50177
-3.50222
-3.50237
-3.50252
-3.50237
-3.50146
-3.50176
-3.50207
-3.50101
-3.50056
-3.50056
-3.50026
-3.50041
-3.50056
-3.50056
-3.50101
-3.50086
-3.50116
-3.50207
-3.50116
-3.50131
-3.50222
-3.50282
-3.50282
-3.50252
-3.50192
-3.50131
-3.50086
-3.50071
-3.50026
-3.49981
-3.49996
-3.50056
-3.49966
-3.49996
-3.49935
-3.4995
-3.49935
-3.49965
-3.49995
-3.5001
-3.49965
-3.49905
-3.4986
-3.49769
-3.49678
-3.49739
-3.49769
-3.49739
-3.49663
-3.49557
-3.49466
-3.49482
-3.49558
-3.49588
-3.49527
-3.49558
-3.49663
-3.49648
-3.49437
-3.49542
-3.49497
-3.49467
-3.49512
-3.49527
-3.49512
-3.49648
-3.49618
-3.49633
-3.49587
-3.49542
-3.49557
-3.49603
-3.49527
-3.49527
-3.49452
-3.49512
-3.49497
-2.20959
-2.20838
-2.20914
-2.20868
-2.20852
-2.20791
-2.20866
-2.20835
-2.20866
-2.20836
-2.20882
-2.20913
-2.21004
-2.20944
-2.20853
-2.20792
-2.20747
-2.20716
-2.20807
-2.20927
-2.21018
-2.21064
-2.20958
-2.20837
-2.20867
-2.20942
-2.20881
-2.21002
-2.21017
-2.21018
-2.21003
-2.21048
-2.2123
-2.2114
-2.21125
-2.21109
-2.21215
-2.2129
-2.21335
-2.2123
-2.21215
-2.2117
-2.21079
-2.21063
-2.21153
-2.21168
-2.21184
-2.21411
-2.21411
-2.21517
-2.21472
-2.21381
-2.21396
-2.21441
-2.21442
-2.21502
-2.21503
-2.21412
-2.21396
-2.21335
-2.21274
-2.21305
-2.2126
-2.21185
-2.21139
-2.21138
-2.21169
-2.21063
-2.20913
-2.20777
-2.20837
-2.20867
-2.20867
-2.20731
-2.20717
-2.20853
-2.20928
-2.20898
-2.20867
-2.20927
-2.21093
-2.21168
-2.21184
-2.21184
-2.21275
-2.2111
-2.2105
-2.21095
-2.21049
-2.21003
-2.21033
-2.20957
-2.20851
-2.20927
-2.20897
-2.20837
-2.20822
-2.20883
-2.20732
-2.20762
-1.79349
-1.79318
-1.79181
-1.79302
-1.79242
-1.79242
-1.79197
-1.79212
-1.79242
-1.79243
-1.79213
-1.79213
-1.79243
-1.79258
-1.79227
-1.79197
-1.79091
-1.79152
-1.79197
-1.79318
-1.79213
-1.79349
-1.79229
-1.79258
-1.79378
-1.79408
-1.79378
-1.79363
-1.79349
-1.79304
-1.7941
-1.79395
-1.79394
-1.79454
-1.79439
-1.79484
-1.79529
-1.79605
-1.79636
-1.79485
-1.79349
-1.79319
-1.79228
-1.79303
-1.79272
-1.79287
-1.79348
-1.79348
-1.79409
-1.79439
-1.79514
-1.79605
-1.79741
-1.79726
-1.79786
-1.79756
-1.7968
-1.79695
-1.798
-1.79861
-1.79801
-1.79665
-1.7965
-1.79741
-1.79726
-1.79786
-1.79681
-1.79696
-1.79801
-1.79816
-1.79635
-1.79544
-1.7965
-1.79635
-1.79574
-1.79513
-1.79498
-1.79408
-1.79317
-1.79423
-1.79409
-1.79454
-1.79484
-1.79484
-1.79333
-1.79287
-1.79332
-1.79377
-1.79362
-1.79377
-1.79363
-1.79514
-1.79484
-1.79544
-1.79574
-1.79574
-1.7959
-1.79561
-1.79576
-1.79561
-1.88372
-1.88417
-1.88356
-1.88416
-1.8837
-1.88416
-1.88447
-1.88598
-1.88613
-1.88507
-1.88582
-1.88688
-1.88809
-1.88793
-1.88733
-1.88763
-1.88703
-1.88582
-1.88567
-1.88432
-1.88371
-1.88371
-1.8834
-1.8831
-1.88386
-1.8828
-1.88295
-1.88341
-1.88326
-1.88341
-1.88432
-1.88446
-1.88475
-1.8849
-1.88431
-1.88281
-1.88206
-1.88115
-1.88084
-1.8822
-1.88265
-1.88159
-1.88113
-1.88099
-1.88084
-1.87994
-1.87842
-1.87903
-1.87811
-1.87902
-1.87916
-1.87992
-1.87992
-1.88069
-1.8813
-1.88281
-1.88371
-1.8825
-1.88294
-1.88219
-1.88249
-1.88265
-1.88159
-1.88145
-1.8816
-1.88069
-1.88068
-1.87947
-1.88022
-1.88144
-1.8822
-1.88386
-1.88462
-1.88431
-1.88477
-1.88552
-1.88568
-1.88537
-1.88582
-1.88656
-1.88731
-1.88791
-1.88702
-1.88551
-1.88643
-1.88612
-1.88612
-1.88522
-1.88491
-1.88431
-1.884
-1.88385
-1.88476
-1.8846
-1.8852
-1.88596
-1.88611
-1.8855
-1.88505
-1.88369
-1.68341
-1.68341
-1.68341
-1.68538
-1.68583
-1.68447
-1.68477
-1.68523
-1.68568
-1.68417
-1.68598
-1.6878
-1.68871
-1.68901
-1.68901
-1.68916
-1.68915
-1.68825
-1.68794
-1.6884
-1.68704
-1.68749
-1.68507
-1.68371
-1.68523
-1.68432
-1.68463
-1.68448
-1.68538
-1.68643
-1.68703
-1.68657
-1.68537
-1.68704
-1.68659
-1.68599
-1.68523
-1.68372
-1.68251
-1.68266
-1.68236
-1.68145
-1.68038
-1.68159
-1.68129
-1.68023
-1.6813
-1.681
-1.68177
-1.68237
-1.681
-1.68114
-1.68175
-1.68251
-1.68236
-1.68265
-1.6834
-1.68325
-1.68356
-1.68448
-1.68297
-1.68283
-1.68388
-1.68508
-1.68477
-1.68597
-1.68626
-1.68581
-1.68582
-1.68552
-1.68568
-1.68553
-1.68599
-1.68614
-1.68614
-1.68584
-1.68614
-1.68523
-1.68447
-1.68523
-1.68417
-1.68387
-1.68507
-1.68447
-1.68387
-1.68327
-1.68372
-1.68311
-1.68462
-1.68447
-1.68448
-1.68433
-1.68448
-1.68523
-1.68478
-1.68387
-1.68235
-1.68281
-1.68281
-1.68327
