2.84778
2.84006
2.82631
2.80557
2.7764
2.73684
2.68444
2.61647
2.53039
2.42447
2.29877
2.15638
2.00429
1.85326
1.71585
1.60333
1.52267
1.47536
1.4581
1.46463
1.4875
1.51934
1.55378
1.58584
1.61229
1.63164
1.64404
1.65097
1.65455
1.65679
1.65885
1.66068
1.66117
1.65845
1.65041
1.6354
1.61303
1.58476
1.5538
1.5241
1.49891
1.47977
1.46665
1.45895
1.45637
1.45918
1.46762
1.48117
1.49831
1.51665
1.53347
1.54637
1.5536
1.55428
1.54859
1.53793
1.52483
1.51235
1.50291
1.49757
1.49609
1.49781
1.50212
1.50857
1.51651
1.52478
1.53183
1.53621
1.53729
1.53574
1.53354
1.53318
1.53649
1.54388
1.55425
1.56555
1.57559
1.58292
1.58739
1.58992
1.59181
1.59359
1.59466
1.59379
1.59044
1.58542
1.58042
1.57692
1.57568
1.57678
1.57988
1.58439
1.58955
1.59431
1.59754
1.59824
1.5957
1.5895
1.5796
1.56615
2.82051
2.76775
2.69327
2.60022
2.49581
2.39197
2.30316
2.24274
2.21945
2.23299
2.27236
2.32218
2.37022
2.4094
2.43647
2.45093
2.45419
2.44905
2.43966
2.43079
2.42555
2.42325
2.42051
2.41519
2.40884
2.40583
2.41102
2.4274
2.45512
2.49134
2.53106
2.56816
2.59645
2.61097
2.60895
2.59113
2.56277
2.53248
2.50794
2.49051
2.47498
2.45554
2.43069
2.40387
2.38118
2.3682
2.36724
2.37655
2.39147
2.40673
2.41887
2.42783
2.43612
2.44565
2.45436
2.45611
2.44428
2.4162
2.37615
2.33599
2.31062
2.30642
2.31478
2.32245
2.32561
2.33136
2.34835
2.37735
2.41087
2.44089
2.4644
2.4832
2.49987
2.51436
2.52337
2.52275
2.5105
2.48813
2.46034
2.43366
2.4145
2.40731
2.41314
2.42909
2.44867
2.46323
2.46408
2.44554
2.40781
2.35847
2.31029
2.27603
2.26306
2.27137
2.29564
2.32852
2.36321
2.39438
2.41822
2.4331
2.85446
2.85234
2.85165
2.85728
2.86832
2.88079
2.89174
2.90096
2.90984
2.91831
2.92241
2.91568
2.89445
2.86196
2.82688
2.79647
2.77186
2.75135
2.73559
2.72681
2.72371
2.71958
2.70657
2.68234
2.65345
2.63307
2.63306
2.65544
2.69028
2.72255
2.74153
2.74453
2.7347
2.71778
2.7004
2.68848
2.68546
2.69104
2.70049
2.7062
2.70234
2.68884
2.6711
2.65615
2.65038
2.65888
2.68285
2.71696
2.75254
2.7833
2.80734
2.82545
2.8387
2.84669
2.8476
2.8399
2.82441
2.80512
2.78779
2.77707
2.77398
2.77592
2.77944
2.78223
2.78259
2.77829
2.76683
2.74724
2.72159
2.69492
2.67244
2.65663
2.64734
2.64408
2.64755
2.65873
2.67735
2.70162
2.72891
2.75613
2.77946
2.79425
2.79599
2.78205
2.7533
2.7151
2.67676
2.64859
2.63775
2.6454
2.66734
2.69714
2.72898
2.76025
2.79466
2.8394
2.8915
2.93415
2.95207
2.94223
2.81908
2.77708
2.7337
2.69581
2.6684
2.65352
2.64846
2.6468
2.64264
2.63372
2.62143
2.60897
2.59967
2.59574
2.59711
2.60156
2.60636
2.60934
2.60866
2.60255
2.59084
2.57717
2.56748
2.56475
2.56723
2.57208
2.57782
2.58281
2.58351
2.5756
2.55753
2.53511
2.52267
2.53485
2.57226
2.61956
2.65969
2.68495
2.69675
2.70097
2.7042
2.71116
2.72369
2.74033
2.75621
2.76413
2.75796
2.73609
2.70282
2.66746
2.64134
2.63254
2.64079
2.65735
2.67086
2.67408
2.66667
2.65404
2.64431
2.64446
2.65696
2.67874
2.70235
2.71864
2.72064
2.70789
2.68791
2.67212
2.66786
2.67433
2.68543
2.69506
2.69916
2.69538
2.68194
2.65757
2.62164
2.57503
2.52276
2.47708
2.45539
2.47002
2.5183
2.5847
2.65184
2.709
2.75272
2.78307
2.80111
2.80842
2.8067
2.797
2.78012
2.75775
2.73246
2.70674
2.68278
2.66328
2.65148
2.64977
2.85795
2.87127
2.88701
2.90222
2.91438
2.9222
2.92575
2.92559
2.92185
2.91417
2.90204
2.88477
2.86123
2.83022
2.7922
2.75067
2.71069
2.67571
2.64622
2.62086
2.59828
2.5783
2.56258
2.55362
2.55204
2.55469
2.55632
2.55322
2.54633
2.54191
2.54967
2.57852
2.63081
2.69998
2.77458
2.84452
2.90349
2.94809
2.97621
2.98728
2.98334
2.96974
2.95387
2.94279
2.94105
2.94924
2.96307
2.97346
2.96937
2.94451
2.90421
2.86382
2.83363
2.80972
2.78548
2.76327
2.75227
2.75924
2.78145
2.80686
2.82045
2.81108
2.77446
2.71355
2.63956
2.5713
2.5284
2.52151
2.54962
2.60427
2.67351
2.74485
2.80816
2.85767
2.89148
2.91022
2.91587
2.91097
2.89797
2.87871
2.85472
2.82811
2.80165
2.77719
2.75359
2.72697
2.69508
2.6631
2.64229
2.63843
2.64577
2.65521
2.66159
2.66375
2.66392
2.66721
2.67862
2.69963
2.72745
2.75623
