38.245712
36.491026
35.913206
35.134957
34.83365
33.94115
33.289372
33.414535
32.494846
31.439335
30.648348
30.268642
29.566594
29.023567
28.61475
27.866931
27.628596
26.65034
26.070388
25.892581
25.514085
24.975937
24.835312
24.126977
23.66079
23.309712
23.056327
22.592279
22.242415
21.834112
21.400752
21.238599
20.829415
20.510249
20.279391
19.95695
19.799221
19.701969
19.671399
19.559378
19.549223
19.409083
19.235414
19.12041
18.918628
18.620058
18.543526
18.352123
18.212504
17.950412
17.885701
17.784041
17.599387
17.465874
17.255736
16.546417
16.258863
16.317486
15.722993
15.52162
15.22294
14.996286
14.93352
14.702453
14.47368
14.327083
14.15447
14.029456
14.0033
13.998916
13.956591
13.912605
13.854403
13.77349
13.710812
13.58893
13.539842
13.517106
13.433671
13.382618
13.223815
12.87097
12.632955
12.320917
12.018595
11.743724
11.622423
11.47677
11.415081
11.38968
11.340083
11.324344
11.323964
11.323964
11.323964
11.323964
11.322561
11.322561
11.322561
11.322561
11.322561
11.321108
11.315494
11.301458
11.274348
11.258555
11.222906
11.176413
11.10346
11.031798
11.020583
11.023109
11.023109
11.022033
11.016655
11.009126
10.992991
10.974703
10.96035
10.94837
10.900019
10.848102
10.763492
10.600767
10.325189
10.071998
9.9405038
9.8110811
9.7988015
9.7837402
9.7815936
9.7815936
9.7815936
9.7815936
9.7812513
9.7802243
9.7759546
9.7686131
9.7592298
9.7522197
9.7324235
9.7151424
9.7070616
9.6657144
9.6198508
9.580163
9.5338302
9.4907245
9.4661971
9.4189984
9.375746
9.3307463
9.3104891
9.2587715
9.231123
9.202147
9.1831747
9.1764006
9.1764006
9.1764006
9.1764006
9.1764006
9.1764006
9.1764006
9.1764006
9.1764006
9.1764006
9.1764006
9.1764006
9.1764006
9.1764006
9.1764006
9.1764006
9.1720947
9.1548712
9.1118126
9.0558362
8.9759985
8.965413
8.965413
8.9649586
8.9645041
8.9626864
8.9585966
8.9540523
8.9481448
8.9372912
8.9338953
8.9076502
8.8532697
8.6829597
8.4653932
8.2833967
8.2241722
8.1921814
8.160547
8.1576457
8.1576457
8.1576457
8.1576457
8.1576457
8.1576457
8.1576457
8.1576457
8.1573493
8.156164
8.154386
8.1496448
8.1449035
8.1431255
8.1431255
8.1431255
8.1431255
8.1431255
8.1431255
8.1431255
8.1431255
8.1431255
8.1431255
8.1431255
8.1431255
8.1431255
8.1431255
8.1431255
8.1431255
8.1431255
8.1431255
8.1420243
8.1387208
8.1310125
8.1056855
8.0891678
8.0891678
8.0891678
8.0835494
8.0728293
8.0330163
7.9763836
7.9134619
7.8624296
7.7915323
7.7533768
7.7130573
7.6512976
7.5459454
7.4939823
7.4757296
7.4757296
7.4757296
7.4757296
7.4757296
7.4757273
7.4757273
7.4795111
7.4855795
7.4991298
7.4808277
7.5292313
7.5115321
7.4469046
7.4719332
7.5700553
7.6165061
7.5816617
7.4801184
7.4455658
7.3159
7.3159
7.3159
7.3159
7.3159
7.3159
7.3159
7.3159
7.3159
7.3097159
7.3097159
7.3097159
7.3097159
7.3097159
7.3097159
7.3097159
7.3097159
7.3097159
7.3097159
7.3097159
7.3097159
7.3097159
7.3097159
7.3097159
7.3097159
7.3097159
7.3097159
7.3097159
7.3097159
7.3097159
7.3097159
7.3097159
7.3097159
7.3097159
7.3097159
7.3035318
7.2897074
7.2573308
7.1912763
7.1252218
7.1265229
7.0750794
7.0144941
7.007234
6.9977781
6.9977781
6.9977781
6.9942363
6.9836108
6.9483083
6.8809045
6.8313258
6.8205486
6.8095101
6.7874332
6.7506382
6.6844074
6.643933
6.643933
6.643933
6.643933
6.643933
6.643933
6.643933
6.643933
6.643933
6.643933
6.643933
6.643933
6.643933
6.643933
6.643933
6.643933
6.643933
6.643933
6.643933
6.643933
6.643933
6.643933
6.643933
6.643933
6.643933
6.643933
6.643933
6.643933
6.635439
6.6337436
6.6248269
6.6108242
6.5259107
6.4307905
6.2762059
6.2464338
6.2002168
6.1997942
6.1997942
6.1997942
6.1997942
6.1997942
6.1997942
6.1997942
6.1997942
6.1997942
6.1997942
6.1997942
6.1997942
6.1997942
6.1997942
6.1997942
6.1997942
6.1997942
6.1997942
6.1997942
6.1997942
6.1997942
6.1997942
6.1997942
6.1997942
6.1997942
6.1997942
6.1997942
6.1997942
6.1997942
6.1997942
6.1997942
6.1997942
6.1997942
6.1997942
6.1997942
6.1997942
6.1997942
6.1997942
6.1997942
6.1997942
6.1997942
6.1997942
6.1997942
6.1997942
6.1997942
6.1997942
6.1997942
6.1997942
6.1997942
6.1997942
6.1997942
6.1997942
6.1997942
6.1997942
6.1997942
6.1997942
6.1997942
6.1997942
6.1997942
6.1997942
6.1997942
6.1997942
6.1997942
6.1997942
6.1997942
6.1997942
6.1997942
6.1997942
6.1997942
6.1997942
6.1997942
6.1997942
6.1997942
6.1997942
6.1997942
6.1997942
6.1997942
6.1997942
6.1997942
6.1997942
6.1997942
6.1997942
6.1997942
6.1997942
6.1997942
6.1997942
6.1997942
6.1997942
6.1997942
6.1997942
6.1997942
6.1997942
6.1997942
6.1997942
6.1997942
6.1997942
6.1997942
6.1997942
6.1997942
6.1997942
6.1997942
6.1997942
6.1997942
6.1997942
6.1997942
6.1997942
6.1997942
6.1997942
6.1997942
6.1997942
6.1997942
6.1997942
6.1997942
6.1997942
6.1997942
6.1997942
6.1997942
6.1997942
6.1997942
6.1997942
6.1997942
6.1997942
6.1997942
6.1997942
6.1997942
6.1997942
6.1997942
6.1997942
6.1997942
6.1997942
6.1997942
6.1997942
6.1997942
6.1997942
6.1997942
6.1997942
6.1997942
6.1997942
6.1997942
6.1997942
6.1997942
6.1997942
6.1997942
6.1997942
6.1997942
6.1997942
6.1997942
6.1997942
6.1997942
6.1997942
6.1997942
6.1997942
6.1997942
6.1997942
6.1997942
6.1997942
6.1997942
6.1997942
6.1997942
6.1997942
6.1997942
6.1997942
6.1997942
6.1997942
6.1997942
6.1997942
6.1997942
6.1997942
6.1997942
6.1997942
6.1997942
6.1997942
6.1997942
6.1997942
6.1997942
6.1997942
6.1997942
6.1997942
6.1997942
6.1997942
6.1997942
6.1997942
6.1997942
6.1997942
6.1997942
6.1997942
6.1997942
6.1997942
6.1997942
6.1997942
6.1997942
6.1997942
6.1997942
6.1997942
6.1997942
6.1997942
6.1997942
6.1997942
6.1997942
6.1997942
6.1997942
6.1997942
6.1997942
6.1997942
6.1997942
6.1997942
6.1997942
6.1997942
6.1997942
6.1997942
6.1997942
6.1997942
6.1997942
6.1997942
6.1997942
6.1997942
6.1997942
6.1997942
6.1997942
6.1997942
6.1997942
6.1997942
6.1997942
6.1997942
6.1997942
6.1997942
6.1997942
6.1997942
6.1997942
6.1997942
6.1997942
6.1997942
6.1997942
6.1997942
6.1997942
6.1997942
6.1997942
6.1997942
6.1997942
6.1997942
6.1997942
6.1997942
6.1997942
6.1997942
6.1997942
6.1997942
6.1997942
6.1997942
6.1997942
6.1997942
6.1997942
6.1997942
6.1997942
6.1997942
6.1997942
6.1997942
6.1997942
6.1997942
6.1997942
6.1997942
6.1997942
6.1997942
6.1997942
6.1997942
6.1997942
6.1997942
6.1997942
6.1997942
6.1997942
6.1997942
6.1997942
6.1997942
6.1997942
6.1997942
6.1997942
6.1997942
6.1997942
6.1997942
6.1997942
6.1997942
6.1997942
6.1997942
6.1997942
6.1997942
6.1997942
6.1997942
6.1997942
6.1997942
6.1997942
6.1997942
6.1997942
6.1997942
6.1997942
6.1997942
6.1997942
6.1997942
6.1997942
6.1997942
6.1997942
6.1997942
6.1997942
6.1997942
6.1997942
6.1997942
6.1997942
6.1997942
6.1997942
6.1997942
6.1997942
6.1997942
6.1997942
6.1997942
6.1997942
6.1997942
6.1997942
6.1997942
6.1997942
6.1997942
6.1997942
6.1997942
6.1997942
6.1997942
6.1997942
6.1997942
6.1997942
6.1997942
6.1997942
6.1997942
6.1997942
6.1997942
6.1997942
6.1997942
6.1997942
6.1997942
6.1997942
6.1997942
6.1997942
6.1997942
6.1997942
6.1997942
6.1997942
6.1997942
6.1997942
6.1997942
6.1997942
6.1997942
6.1997942
6.1997942
6.1997942
6.1997942
6.1997942
6.1997942
6.1997942
6.1997942
6.1997942
6.1997942
6.1997942
6.1997942
6.1997942
6.1997942
6.1997942
6.1997942
6.1997942
6.1997942
6.1997942
6.1997942
6.1997942
6.1997942
6.1997942
6.1997942
6.1997942
6.1997942
6.1997942
6.1997942
6.1997942
6.1997942
6.1997942
6.1997942
6.1997942
6.1997942
6.1997942
6.1997942
6.1997942
6.1997942
6.1997942
6.1997942
6.1997942
6.1997942
6.1997942
6.1997942
6.1997942
6.1997942
6.1997942
6.1997942
6.1997942
6.1997942
6.1997942
6.1997942
6.1997942
6.1997942
6.1997942
6.1997942
6.1997942
6.1997942
6.1997942
6.1997942
6.1997942
6.1997942
6.1997942
6.1997942
6.1997942
6.1997942
6.1997942
6.1997942
6.1997942
6.1997942
6.1997942
6.1997942
6.1997942
6.1997942
6.1997942
6.1997942
6.1997942
6.1997942
6.1997942
6.1997942
6.1997942
6.1997942
6.1997942
6.1997942
6.1997942
6.1997942
6.1997942
6.1997942
6.1997942
6.1997942
6.1997942
6.1997942
6.1997942
6.1997942
6.1997942
6.1997942
6.1997942
6.1997942
6.1997942
6.1997942
6.1997942
6.1997942
6.1997942
6.1997942
6.1997942
6.1997942
6.1997942
6.1997942
6.1997942
6.1997942
6.1997942
6.1997942
6.1997942
6.1997942
6.1997942
6.1997942
6.1997942
6.1997942
6.1997942
6.1997942
6.1997942
6.1997942
6.1997942
6.1997942
6.1997942
6.1997942
6.1997942
6.1997942
6.1997942
6.1997942
6.1997942
6.1997942
6.1997942
6.1997942
6.1997942
6.1997942
6.1997942
6.1997942
6.1997942
6.1997942
6.1997942
6.1997942
6.1997942
6.1997942
6.1997942
6.1997942
6.1997942
6.1997942
6.1997942
6.1997942
6.1997942
6.1997942
6.1997942
6.1997942
6.1997942
6.1997942
6.1997942
6.1997942
6.1997942
6.1997942
6.1997942
6.1997942
6.1997942
6.1997942
6.1997942
6.1997942
6.1997942
6.1997942
6.1997942
6.1997942
6.1997942
6.1997942
6.1997942
6.1997942
6.1997942
6.1997942
6.1997942
6.1997942
6.1997942
6.1997942
6.1997942
6.1997942
6.1997942
6.1997942
6.1997942
6.1997942
6.1997942
6.1997942
6.1997942
6.1997942
6.1997942
6.1997942
6.1997942
6.1997942
6.1997942
6.1997942
6.1997942
6.1997942
6.1997942
6.1997942
6.1997942
6.1997942
6.1997942
6.1997942
6.1997942
6.1997942
6.1997942
6.1997942
6.1997942
6.1997942
6.1997942
6.1997942
6.1997942
6.1997942
6.1997942
6.1997942
6.1997942
6.1997942
6.1997942
6.1997942
6.1997942
6.1997942
6.1997942
6.1997942
6.1997942
6.1997942
6.1997942
6.1997942
6.1997942
6.1997942
6.1997942
6.1997942
6.1997942
6.1997942
6.1997942
6.1997942
6.1997942
6.1997942
6.1997942
6.1997942
6.1997942
6.1997942
6.1997942
6.1997942
6.1997942
6.1997942
6.1997942
6.1997942
6.1997942
6.1997942
6.1997942
6.1997942
6.1997942
6.1997942
6.1997942
6.1997942
6.1997942
6.1997942
6.1997942
6.1997942
6.1997942
6.1997942
6.1997942
6.1997942
6.1997942
6.1997942
6.1997942
6.1997942
6.1997942
6.1997942
6.1997942
6.1997942
6.1997942
6.1997942
6.1997942
6.1997942
6.1997942
6.1997942
6.1997942
6.1997942
6.1997942
6.1997942
6.1997942
6.1997942
6.1997942
6.1997942
6.1997942
6.1997942
6.1997942
6.1997942
6.1997942
6.1997942
6.1997942
6.1997942
