15.850595
15.67158
15.185695
14.905599
14.486899
14.345059
14.174892
14.144353
14.152372
13.860216
13.661382
13.522121
13.286893
13.143498
12.898827
12.640395
12.345367
12.090776
11.912729
11.64998
11.429207
11.344251
11.177415
11.068863
10.883662
10.764711
10.596006
10.325775
10.239071
10.015521
9.9844303
9.8841279
9.828681
9.6648558
9.5777753
9.4766056
9.3663599
9.3243385
9.252169
9.1676545
9.0507895
8.8774523
8.7913176
8.6471119
8.5444926
8.4808945
8.4080461
8.383003
8.3625789
8.3433302
8.3315047
8.3100294
8.2773108
8.2337583
8.1179836
8.0569299
8.0131184
7.9757636
7.9276315
7.8453535
7.7073194
7.6237285
7.5939297
7.540252
7.4970016
7.4284839
7.3372604
7.2743286
7.1162329
6.9442278
6.9161581
6.9172496
6.8742885
6.8256927
6.8032195
6.7431772
6.6737057
6.6014002
6.5355925
6.4172542
6.3786299
6.3786299
6.3726359
6.361951
6.3421236
6.3175819
6.2926639
6.2848201
6.2251177
6.1345041
6.0509649
5.9807675
5.9700436
5.947437
5.9305819
5.9211199
5.9197948
5.9135408
5.9135408
5.9101915
5.9049242
5.9035147
5.8983509
5.9094058
6.0308015
6.0683167
6.0529391
6.0283793
6.0161259
6.1721138
5.8977965
5.8358892
5.8285441
5.81231
5.81231
5.81231
5.81231
5.8115677
5.811076
5.8096011
5.8008952
5.795036
5.7920831
5.7765447
5.7970143
5.7761006
5.7978848
5.7448142
5.7441758
5.743764
5.7416223
5.7371538
5.728855
5.7154493
5.7135342
5.7135342
5.7135342
5.7135342
5.7135342
5.7135342
5.7135342
5.7135342
5.7135342
5.7135342
5.7130137
5.7114519
5.7072873
5.7005197
5.6947933
5.6880258
5.6880258
5.6880258
5.6866243
5.6824197
5.6696457
5.6556365
5.6387896
5.6185273
5.5951416
5.5920181
5.5920181
5.5920181
5.5917864
5.5906278
5.5878472
5.5842095
5.579321
5.5755464
5.5712163
5.5670481
5.5620228
5.5583627
5.5558138
5.5512226
5.5481505
5.5481505
5.5481505
5.5481505
5.5481505
5.5481505
5.5481505
5.5481505
5.5481505
5.5441334
5.5203484
5.4859515
5.4667295
5.4316248
5.4048726
5.3940578
5.3827767
5.3789327
5.3789327
5.3783474
5.377372
5.3728878
5.369851
5.3561157
5.3437392
5.3250546
5.3070117
5.2890695
5.2748627
5.2734416
5.2730469
5.2718627
5.2690995
5.2619943
5.2568627
5.2540995
5.2540995
5.2540995
5.2540995
5.2540995
5.2540995
5.2540995
5.2540995
5.2540995
5.2540995
5.2540995
5.2540995
5.2540995
5.2540995
5.2540995
5.2540995
5.2540995
5.2540995
5.2540995
5.2540995
5.2540995
5.2540995
5.2540995
5.2540995
5.2540995
5.2540995
5.2540995
5.2540995
5.2540995
5.2540995
5.2540995
5.2540995
5.2540995
5.2540995
5.2540995
5.2540995
5.2540995
5.2540995
5.2540995
5.2540995
5.2540995
5.2540995
5.2540995
5.2540995
5.2540995
5.2540995
5.2540995
5.2540995
5.2540995
5.2540995
5.2520829
5.2500662
5.239983
5.2247845
5.1976671
5.240914
5.2171361
5.2009043
5.2029709
5.1291089
5.1017959
5.128979
5.0936432
5.0701466
5.0701466
5.0701466
5.0687087
5.0687087
5.0687087
5.0687087
5.0687087
5.0687087
5.0687087
5.0687087
5.0687087
5.0687087
5.0684279
5.0675858
5.0661822
5.0628135
5.058322
5.0549534
5.0549534
5.0549534
5.0549534
5.0549534
5.0549534
5.0549534
5.0549534
5.0549534
5.0549534
5.0549534
5.0549534
5.0549534
5.0549534
5.0549534
5.0549534
5.0549534
5.0549534
5.0549534
5.0549534
5.0549534
5.0549534
5.0549534
5.0549534
5.0531877
5.0520305
5.045087
5.0335146
5.0161559
5.0045835
5.0011117
4.99764
4.99764
4.99764
4.99764
4.99764
4.99764
4.99764
4.99764
4.99764
4.99764
4.9975555
4.9974709
4.9971327
4.9933661
4.9873186
4.973259
4.9553532
4.9348216
4.9121584
4.8999908
4.8957321
4.8926902
4.8926902
4.8926902
4.8926902
4.8926902
4.8926902
4.8926902
4.8926902
4.8918002
4.8918002
4.8918002
4.8918002
4.8918002
4.8918002
4.8918002
4.8918002
4.8918002
4.8918002
4.8918002
4.8918002
4.8918002
4.8918002
4.8918002
4.8918002
4.8918002
4.8918002
4.8918002
4.8918002
4.8918002
4.8918002
4.8918002
4.8918002
4.8918002
4.8918002
4.8918002
4.8918002
4.8918002
4.8918002
4.8918002
4.8918002
4.8918002
4.8918002
4.8918002
4.8918002
4.8918002
4.8918002
4.8918002
4.8918002
4.8918002
4.8918002
4.8918002
4.8918002
4.8918002
4.8918002
4.8918002
4.8918002
4.8918002
4.8918002
4.8918002
4.8918002
4.8918002
4.8918002
4.8918002
4.8918002
4.8918002
4.8918002
4.8918002
4.8918002
4.8918002
4.8918002
4.8918002
4.8918002
4.8918002
4.8918002
4.8918002
4.8918002
4.8918002
4.8918002
4.8918002
4.8918002
4.8918002
4.8918002
4.8918002
4.8918002
4.8918002
4.8918002
4.8918002
4.8918002
4.8918002
4.8918002
4.8918002
4.8918002
4.8918002
4.8918002
4.8918002
4.8918002
4.8918002
4.8918002
4.8918002
4.8918002
4.8918002
4.8918002
4.8918002
4.8918002
4.8918002
4.8918002
4.8918002
4.8918002
4.8918002
4.8918002
4.8918002
4.8918002
4.8918002
4.8918002
4.8918002
4.8918002
4.8918002
4.8918002
4.8910443
4.8895326
4.8865091
4.8774386
4.8645888
4.8585419
4.8547625
4.8547625
4.8547625
4.8547625
4.8547625
4.8547625
4.8547625
4.8547625
4.8547625
4.8547625
4.8547625
4.8547625
4.8547625
4.8547625
4.8547625
4.8547625
4.8547625
4.8547625
4.8547625
4.8547625
4.8547625
4.8547625
4.8547625
4.8547625
4.8547625
4.8547625
4.8547625
4.8547625
4.8547625
4.8547625
4.8547625
4.8547625
4.8547625
4.8547625
4.8547625
4.8547625
4.8547625
4.8547625
4.8547625
4.8547625
4.8547625
4.8547625
4.8547625
4.8547625
4.8547625
4.8547625
4.8547625
4.8547625
4.8547625
4.8547625
4.8547625
4.8547625
4.8547625
4.8547625
4.8547625
4.8547625
4.8547625
4.8547625
4.8547625
4.8547625
4.8547625
4.8547625
4.8547625
4.8547625
4.8547625
4.8547625
4.8547625
4.8547625
4.8547625
4.8547625
4.8547625
4.8547625
4.8547625
4.8547625
4.8547625
4.8547625
4.8547625
4.8547625
4.8547625
4.8547625
4.8547625
4.8547625
4.8547625
4.8547625
4.8547625
4.8547625
4.8547625
4.8547625
4.8547625
4.8547625
4.8547625
4.8547625
4.8547625
4.8547625
4.8547625
4.8547625
4.8547625
4.8547625
4.8547625
4.8547625
4.8547625
4.8547625
4.8547625
4.8547625
4.8547625
4.8547625
4.8547625
4.8547625
4.8547625
4.8547625
4.8547625
4.8547625
4.8547625
4.8547625
4.8547625
4.8547625
4.8547625
4.8547625
4.8547625
4.8547625
4.8547625
4.8547625
4.8547625
4.8547625
4.8547625
4.8547625
4.8547625
4.8547625
4.8547625
4.8547625
4.8547625
4.8547625
4.8547625
4.8547625
4.8547625
4.8547625
4.8547625
4.8547625
4.8547625
4.8547625
4.8547625
4.8547625
4.8547625
4.8547625
4.8547625
4.8547625
4.8547625
4.8547625
4.8547625
4.8547625
4.8547625
4.8547625
4.8547625
4.8547625
4.8547625
4.8547625
4.8547625
4.8547625
4.8547625
4.8547625
4.8547625
4.8547625
4.8547625
4.8547625
4.8547625
4.8547625
4.8547625
4.8547625
4.8547625
4.8547625
4.8547625
4.8547625
4.8547625
4.8547625
4.8547625
4.8547625
4.8547625
4.8547625
4.8547625
4.8547625
4.8547625
4.8547625
4.8547625
4.8547625
4.8547625
4.8547625
4.8547625
4.8547625
4.8547625
4.8547625
4.8547625
4.8547625
4.8547625
4.8547625
4.8547625
4.8547625
4.8547625
4.8547625
4.8547625
4.8547625
4.8547625
4.8547625
4.8547625
4.8547625
4.8547625
4.8547625
4.8547625
4.8547625
4.8547625
4.8547625
4.8547625
4.8547625
4.8547625
4.8547625
4.8547625
4.8547625
4.8547625
4.8547625
4.8547625
4.8547625
4.8547625
4.8547625
4.8547625
4.8547625
4.8547625
4.8547625
4.8547625
4.8547625
4.8547625
4.8547625
4.8547625
4.8547625
4.8547625
4.8547625
4.8547625
4.8547625
4.8547625
4.8547625
4.8547625
4.8547625
4.8547625
4.8547625
4.8547625
4.8547625
4.8547625
4.8547625
4.8547625
4.8547625
4.8547625
4.8547625
4.8547625
4.8547625
4.8547625
4.8547625
4.8547625
4.8547625
4.8547625
4.8547625
4.8547625
4.8547625
4.8547625
4.8547625
4.8547625
4.8547625
4.8547625
4.8547625
4.8547625
4.8547625
4.8547625
4.8547625
4.8547625
4.8547625
4.8547625
4.8547625
4.8547625
4.8547625
4.8547625
4.8547625
4.8547625
4.8547625
4.8547625
4.8547625
4.8547625
4.8547625
4.8547625
4.8547625
4.8547625
4.8547625
4.8547625
4.8547625
4.8547625
4.8547625
4.8547625
4.8547625
4.8547625
4.8547625
4.8547625
4.8547625
4.8547625
4.8547625
4.8547625
4.8547625
4.8547625
4.8547625
4.8547625
4.8547625
4.8547625
4.8547625
4.8547625
4.8547625
4.8547625
4.8547625
4.8547625
4.8547625
4.8547625
4.8547625
4.8547625
4.8547625
4.8547625
4.8547625
4.8547625
4.8547625
4.8547625
4.8547625
4.8547625
4.8547625
4.8547625
4.8547625
4.8547625
4.8547625
4.8547625
4.8547625
4.8547625
4.8547625
4.8547625
4.8547625
4.8547625
4.8547625
4.8547625
4.8547625
4.8547625
4.8547625
4.8547625
4.8547625
4.8547625
4.8547625
4.8547625
4.8547625
4.8547625
4.8547625
4.8547625
4.8547625
4.8547625
4.8547625
4.8547625
4.8547625
4.8547625
4.8547625
4.8547625
4.8547625
4.8547625
4.8547625
4.8547625
4.8547625
4.8547625
4.8547625
4.8547625
4.8547625
4.8547625
4.8547625
4.8547625
4.8547625
4.8547625
4.8547625
4.8547625
4.8547625
4.8547625
4.8547625
4.8547625
4.8547625
4.8547625
4.8547625
4.8547625
4.8547625
4.8547625
4.8547625
4.8547625
4.8547625
4.8547625
4.8547625
4.8547625
4.8547625
4.8547625
4.8547625
4.8547625
4.8547625
4.8547625
4.8547625
4.8547625
4.8547625
4.8547625
4.8547625
4.8547625
4.8547625
4.8547625
4.8547625
4.8547625
4.8547625
4.8547625
4.8547625
4.8547625
4.8547625
4.8547625
4.8547625
4.8547625
4.8547625
4.8547625
4.8547625
4.8547625
4.8547625
4.8547625
4.8547625
4.8547625
4.8547625
4.8547625
4.8547625
4.8547625
4.8547625
4.8547625
4.8547625
4.8547625
4.8547625
4.8547625
4.8547625
4.8547625
4.8547625
4.8547625
4.8547625
4.8547625
4.8547625
4.8547625
4.8547625
4.8547625
4.8547625
4.8547625
4.8547625
4.8547625
4.8547625
4.8547625
4.8547625
4.8547625
4.8547625
4.8547625
4.8547625
4.8547625
4.8547625
4.8547625
4.8547625
4.8547625
4.8547625
4.8547625
4.8547625
4.8547625
4.8547625
4.8547625
4.8547625
4.8547625
4.8547625
4.8547625
4.8547625
4.8547625
4.8547625
4.8547625
4.8547625
4.8547625
4.8547625
4.8547625
4.8547625
4.8547625
4.8547625
4.8547625
4.8547625
4.8547625
4.8547625
4.8547625
4.8547625
4.8547625
4.8547625
4.8547625
4.8547625
4.8547625
4.8547625
4.8547625
4.8547625
4.8547625
4.8547625
4.8547625
4.8547625
4.8547625
4.8547625
4.8547625
4.8547625
4.8547625
4.8547625
4.8524323
4.8522981
4.8521639
4.8518956
4.8508221
4.8490779
4.8477361
4.8459918
4.8459918
4.8459918
4.8459918
4.8459918
4.8459918
4.8459918
4.8459918
4.8459918
4.8459918
4.8459918
4.8459918
4.8459918
4.8459918
4.8459918
4.8459918
4.8459918
4.8459918
4.8459918
4.8459918
4.8459918
4.8459918
4.8459918
