34.316983
33.496447
32.035879
32.035879
31.616401
31.616401
30.384626
30.384626
29.932664
27.613371
27.613371
27.250357
27.250357
26.634781
25.989625
23.069921
23.069921
23.069921
23.069921
23.069921
23.069921
23.069921
22.886256
22.459127
22.459127
21.689012
21.689012
21.355497
19.842121
19.842121
19.842121
19.842121
19.842121
19.661545
19.661545
17.784071
17.784071
17.784071
17.784071
17.784071
17.784071
17.784071
17.784071
17.784071
17.784071
17.784071
17.731923
17.731923
17.731923
16.016822
16.016822
16.016822
15.485139
15.485139
15.064717
14.917018
14.917018
14.365904
14.365904
14.365904
14.365904
14.30489
14.30489
14.023334
14.023334
14.023334
14.023334
13.131207
13.131207
13.131207
13.131207
13.131207
13.131207
13.131207
13.131207
12.858004
12.858004
12.858004
12.653603
12.653603
12.653603
11.980479
11.965877
11.343982
11.323964
11.323964
11.323964
11.323964
11.323964
11.323964
11.323964
11.323964
11.323964
11.323964
11.323964
11.323964
11.253789
11.253789
11.253789
11.253789
11.253789
11.251315
11.251315
11.251315
11.031438
10.614997
10.614997
10.614997
10.614997
10.614997
10.614997
10.614997
10.614997
10.614997
10.614997
10.614997
10.614997
10.614997
10.475019
10.37865
10.37865
10.37865
10.338864
9.8362273
9.8362273
9.7824454
9.7398581
9.7398581
9.7398581
9.7398581
9.7398581
9.7398581
9.7398581
9.7398581
9.7398581
9.7398581
9.7099131
9.7099131
9.7099131
9.6860761
9.5964272
9.5964272
9.5834017
9.4870324
9.4870324
9.408281
8.7990145
8.7990145
8.7990145
8.7990145
8.7990145
8.7990145
8.7990145
8.7990145
8.7990145
8.7990145
8.7990145
8.7990145
8.7990145
8.7990145
8.7990145
8.7990145
8.7990145
8.7990145
8.7990145
8.7990145
8.7990145
8.7990145
8.7990145
8.7990145
8.7990145
8.7990145
8.7990145
8.7990145
8.7990145
8.7990145
8.7990145
8.7990145
8.7990145
8.7990145
8.7990145
8.7990145
8.7990145
8.7990145
8.7990145
8.7990145
8.6306222
8.6306222
8.390169
8.1644032
8.1644032
7.8265251
7.8265251
7.8265251
7.8265251
7.8265251
7.8265251
7.8265251
7.8265251
7.8265251
7.8265251
7.8265251
7.8265251
7.8265251
7.8265251
7.8265251
7.8265251
7.8265251
7.8265251
7.8265251
7.8265251
7.8265251
7.8265251
7.8265251
7.8265251
7.8265251
7.8265251
7.8265251
7.8265251
7.8265251
7.8265251
7.8265251
7.8265251
7.8265251
7.8265251
7.8265251
7.8265251
7.8265251
7.8265251
7.8265251
7.8265251
7.8265251
7.8265251
7.8265251
7.8136078
7.8136078
7.7692097
7.7566497
7.7566497
7.4757296
7.4757296
7.4757296
7.4757296
7.4757296
7.4757296
7.4757296
7.4757296
7.4757296
7.4757296
7.4757296
7.4757296
7.4756136
7.4756136
7.4756136
7.3159
7.3159
7.3159
7.3159
7.3159
7.3159
7.3159
7.3159
7.3159
7.3159
7.3159
7.3159
7.3159
7.3159
7.3159
7.3159
7.3159
7.3159
7.3159
7.3159
7.3159
7.0066948
7.0066948
7.0066948
7.0066948
7.0066948
7.0066948
7.0066948
7.0066948
7.0066948
7.0066948
7.0066948
7.0066948
7.0066948
7.0066948
7.0066948
7.0066948
7.0066948
7.0066948
7.0066948
7.0066948
7.0066948
7.0066948
7.0066948
7.0066948
7.0066948
7.0066948
7.0066948
7.0066948
7.0066948
7.0066948
7.0066948
7.0066948
7.0066948
6.5608607
6.5608607
6.5608607
6.5608607
6.5608607
6.5608607
6.5608607
6.5608607
6.5608607
6.5608607
6.5608607
6.5608607
6.5608607
6.5608607
6.5608607
6.5608607
6.5608607
6.5608607
6.5608607
6.5608607
6.5608607
6.5608607
6.5608607
6.5608607
6.5608607
6.5608607
6.5608607
6.5608607
6.5608607
6.5608607
6.5608607
6.5608607
6.5608607
6.5608607
6.5608607
6.5608607
6.5608607
6.5608607
6.5608607
6.5608607
6.5608607
6.5608607
6.5608607
6.2209283
6.2209283
6.1997942
6.1997942
6.1997942
6.1997942
6.1997942
6.1997942
6.1997942
6.1997942
6.1997942
6.1997942
6.1997942
6.1997942
6.1997942
6.1997942
6.1997942
6.1997942
6.1997942
6.1997942
6.1997942
6.1997942
6.1997942
6.1997942
6.1997942
6.1997942
6.1997942
6.1997942
6.1997942
6.1997942
6.1997942
6.1997942
6.1997942
6.1997942
6.1997942
6.1997942
6.1997942
6.1997942
6.1997942
6.1997942
6.1997942
6.1997942
6.1997942
6.1997942
6.1997942
6.1997942
6.1997942
6.1997942
6.1997942
6.1997942
6.1997942
6.1997942
6.1997942
6.1997942
6.1997942
6.1997942
6.1997942
6.1997942
6.1997942
6.1997942
6.1997942
6.1997942
6.1997942
6.1997942
6.1997942
6.1997942
6.1997942
6.1997942
6.1997942
6.1997942
6.1997942
6.1997942
6.1997942
6.1997942
6.1997942
6.1997942
6.1997942
6.1997942
6.1997942
6.1997942
6.1997942
6.1997942
6.1997942
6.1997942
6.1997942
6.1997942
6.1997942
6.1997942
6.1997942
6.1997942
6.1997942
6.1997942
6.1997942
6.1997942
6.1997942
6.1997942
6.1997942
6.1997942
6.1997942
6.1997942
6.1997942
6.1997942
6.1997942
6.1997942
6.1997942
6.1997942
6.1997942
6.1997942
6.1997942
6.1997942
6.1997942
6.1997942
6.1997942
6.1997942
6.1997942
6.1997942
6.1997942
6.1997942
6.1997942
6.1997942
6.1997942
6.1997942
6.1997942
6.1997942
6.1997942
6.1997942
6.1997942
6.1997942
6.1997942
6.1997942
6.1997942
6.1997942
6.1997942
6.1997942
6.1997942
6.1997942
6.1997942
6.1997942
6.1997942
6.1997942
6.1997942
6.1997942
6.1997942
6.1997942
6.1997942
6.1997942
6.1997942
6.1997942
6.1997942
6.1997942
6.1997942
6.1997942
6.1997942
6.1997942
6.1997942
6.1997942
6.1997942
6.1997942
6.1997942
6.1997942
6.1997942
6.1997942
6.1997942
6.1997942
6.1997942
6.1997942
6.1997942
6.1997942
6.1997942
6.1997942
6.1997942
6.1997942
6.1997942
6.1997942
6.1997942
6.1997942
6.1997942
6.1997942
6.1997942
6.1997942
6.1997942
6.1997942
6.1997942
6.1997942
6.1997942
6.1997942
6.1997942
6.1997942
6.1997942
6.1997942
6.1997942
6.1997942
6.1997942
6.1997942
6.1997942
6.1997942
6.1997942
6.1997942
6.1997942
6.1997942
6.1997942
6.1997942
6.1997942
6.1997942
6.1997942
6.1997942
6.1997942
6.1997942
6.1997942
6.1997942
6.1997942
6.1997942
6.1997942
6.1997942
6.1997942
6.1997942
6.1997942
6.1997942
6.1997942
6.1997942
6.1997942
6.1997942
6.1997942
6.1997942
6.1997942
6.1997942
6.1997942
6.1997942
6.1997942
6.1997942
6.1997942
6.1997942
6.1997942
6.1997942
6.1997942
6.1997942
6.1997942
6.1997942
6.1997942
6.1997942
6.1997942
6.1997942
6.1997942
6.1997942
6.1997942
6.1997942
6.1997942
6.1997942
6.1997942
6.1997942
6.1997942
6.1997942
6.1997942
6.1997942
6.1997942
6.1997942
6.1997942
6.1997942
6.1997942
6.1997942
6.1997942
6.1997942
6.1997942
6.1997942
6.1997942
6.1997942
6.1997942
6.1997942
6.1997942
6.1997942
6.1997942
6.1997942
6.1997942
6.1997942
6.1997942
6.1997942
6.1997942
6.1997942
6.1997942
6.1997942
6.1997942
6.1997942
6.1997942
6.1997942
6.1997942
6.1997942
6.1997942
6.1997942
6.1997942
6.1997942
6.1997942
6.1997942
6.1997942
6.1997942
6.1997942
6.1997942
6.1997942
6.1997942
6.1997942
6.1997942
6.1997942
6.1997942
6.1997942
6.1997942
6.1997942
6.1997942
6.1997942
6.1997942
6.1997942
6.1997942
6.1997942
6.1997942
6.1997942
6.1997942
6.1997942
6.1997942
6.1997942
6.1997942
6.1997942
6.1997942
6.1997942
6.1997942
6.1997942
6.1997942
6.1997942
6.1997942
6.1997942
6.1997942
6.1997942
6.1997942
6.1997942
6.1997942
6.1997942
6.1997942
6.1997942
6.1997942
6.1997942
6.1997942
6.1997942
6.1997942
6.1997942
6.1997942
6.1997942
6.1997942
6.1997942
6.1997942
6.1997942
6.1997942
6.1997942
6.1997942
6.1997942
6.1997942
6.1997942
6.1997942
6.1997942
6.1997942
6.1997942
6.1997942
6.1997942
6.1997942
6.1997942
6.1997942
6.1997942
6.1997942
6.1997942
6.1997942
6.1997942
6.1997942
6.1997942
6.1997942
6.1997942
6.1997942
6.1997942
6.1997942
6.1997942
6.1997942
6.1997942
6.1997942
6.1997942
6.1997942
6.1997942
6.1997942
6.1997942
6.1997942
6.1997942
6.1997942
6.1997942
6.1997942
6.1997942
6.1997942
6.1997942
6.1997942
6.1997942
6.1997942
6.1997942
6.1997942
6.1997942
6.1997942
6.1997942
6.1997942
6.1997942
6.1997942
6.1997942
6.1997942
6.1997942
6.1997942
6.1997942
6.1997942
6.1997942
6.1997942
6.1997942
6.1997942
6.1997942
6.1997942
6.1997942
6.1997942
6.1997942
6.1997942
6.1997942
6.1997942
6.1997942
6.1997942
6.1997942
6.1997942
6.1997942
6.1997942
6.1997942
6.1997942
6.1997942
6.1997942
6.1997942
6.1997942
6.1997942
6.1997942
6.1997942
6.1997942
6.1997942
6.1997942
6.1997942
6.1997942
6.1997942
6.1997942
6.1997942
6.1997942
6.1997942
6.1997942
6.1997942
6.1997942
6.1997942
6.1997942
6.1997942
6.1997942
6.1997942
6.1997942
6.1997942
6.1997942
6.1997942
6.1997942
6.1997942
6.1997942
6.1997942
6.1997942
6.1997942
6.1997942
6.1997942
6.1997942
6.1997942
6.1997942
6.1997942
6.1997942
6.1997942
6.1997942
6.1997942
6.1997942
6.1997942
6.1997942
6.1997942
6.1997942
6.1997942
6.1997942
6.1997942
6.1997942
6.1997942
6.1997942
6.1997942
6.1997942
6.1997942
6.1997942
6.1997942
6.1997942
6.1997942
6.1997942
6.1997942
6.1997942
6.1997942
6.1997942
6.1997942
6.1997942
6.1997942
6.1997942
6.1997942
6.1997942
6.1997942
6.1997942
6.1997942
6.1997942
6.1997942
6.1997942
6.1997942
6.1997942
6.1997942
6.1997942
6.1997942
6.1997942
6.1997942
6.1997942
6.1997942
6.1997942
6.1997942
6.1997942
6.1997942
6.1997942
6.1997942
6.1997942
6.1997942
6.1997942
6.1997942
6.1997942
6.1997942
6.1997942
6.1997942
6.1997942
6.1997942
6.1997942
6.1997942
6.1997942
6.1997942
6.1997942
6.1997942
6.1997942
6.1997942
6.1997942
6.1997942
6.1997942
6.1997942
6.1997942
6.1997942
6.1997942
6.1997942
6.1997942
6.1997942
6.1997942
6.1997942
6.1997942
6.1997942
6.1997942
6.1997942
6.1997942
6.1997942
6.1997942
6.1997942
6.1997942
6.1997942
6.1997942
6.1997942
6.1997942
6.1997942
6.1997942
6.1997942
6.1997942
6.1997942
6.1997942
6.1997942
6.1997942
6.1997942
6.1997942
6.1997942
6.1997942
6.1997942
6.1997942
6.1997942
6.1997942
6.1997942
6.1997942
6.1997942
6.1997942
6.1997942
6.1997942
6.1997942
6.1997942
6.1997942
6.1997942
6.1997942
6.1997942
6.1997942
6.1997942
6.1997942
6.1997942
6.1997942
6.1997942
6.1997942
6.1997942
6.1997942
6.1997942
6.1997942
6.1997942
6.1997942
6.1997942
6.1997942
6.1997942
6.1997942
6.1997942
6.1997942
6.1997942
6.1997942
6.1997942
6.1997942
6.1997942
6.1997942
6.1997942
6.1997942
6.1997942
6.1997942
6.1997942
6.1997942
6.1997942
6.1997942
6.1997942
6.1997942
6.1997942
6.1997942
6.1997942
6.1997942
6.1997942
6.1997942
6.1997942
6.1997942
6.1997942
6.1997942
6.1997942
6.1997942
6.1997942
6.1997942
6.1997942
6.1997942
6.1997942
6.1997942
6.1997942
6.1997942
